2.4048255577
5.52007811029
8.65372791291
11.791534439
14.9309177085
18.0710639679
21.2116366299
24.3524715307
27.493479132
30.6346064684
33.7758202136
36.9170983537
40.0584257646
43.1997917132
46.3411883717
49.4826098974
52.6240518411
55.765510755
58.9069839261
62.0484691902
65.1899648002
68.3314693299
71.4729816036
74.6145006437
77.7560256304
80.8975558711
84.0390907769
87.1806298436
90.3221726372
93.4637187819
96.605267951
99.7468198587
102.888374254
106.029930916
109.17148965
112.31305028
115.454612654
118.596176631
121.737742088
124.879308913
128.020877006
131.162446275
134.304016638
137.44558802
140.587160353
143.728733574
146.870307626
150.011882457
153.153458019
156.295034269
159.436611164
162.578188669
165.719766748
168.861345369
172.002924503
175.144504122
178.2860842
181.427664714
184.569245641
187.71082696
190.852408653
193.9939907
197.135573086
200.277155793
203.418738808
206.560322116
209.701905704
212.84348956
215.985073672
219.126658028
222.268242619
225.409827435
228.551412466
231.692997704
234.83458314
237.976168767
241.117754577
244.259340563
247.400926719
250.542513037
253.684099512
256.825686139
259.967272911
263.108859823
266.250446871
269.39203405
272.533621355
275.675208782
278.816796326
281.958383985
285.099971753
288.241559628
291.383147606
294.524735684
297.666323858
300.807912126
303.949500485
307.091088932
310.232677463
313.374266078
316.515854772
319.657443544
322.799032392
325.940621313
329.082210306
332.223799368
335.365388497
338.506977691
341.648566949
344.790156269
347.931745649
351.073335088
354.214924584
357.356514135
360.498103741
363.639693399
366.781283108
369.922872867
373.064462675
376.206052531
379.347642433
382.48923238
385.630822371
388.772412406
391.914002482
395.055592599
398.197182756
401.338772953
404.480363187
407.621953459
410.763543767
413.905134111
417.04672449
420.188314902
423.329905348
426.471495827
429.613086337
432.754676878
435.89626745
439.037858052
442.179448683
445.321039342
448.462630029
451.604220744
454.745811485
457.887402253
461.028993046
464.170583865
467.312174708
470.453765575
473.595356466
476.736947381
479.878538318
483.020129277
486.161720259
489.303311261
492.444902285
495.58649333
498.728084394
501.869675479
505.011266583
508.152857707
511.294448849
514.436040009
517.577631188
520.719222385
523.860813599
527.00240483
530.143996078
533.285587342
536.427178623
539.56876992
542.710361233
545.851952561
548.993543904
552.135135262
555.276726635
558.418318022
561.559909423
564.701500838
567.843092267
570.98468371
574.126275165
577.267866634
580.409458116
583.55104961
586.692641116
589.834232635
592.975824166
596.117415709
599.259007263
602.400598829
605.542190406
608.683781994
611.825373593
614.966965203
618.108556823
621.250148454
624.391740096
627.533331747
630.674923408
633.816515079
636.95810676
640.099698451
643.241290151
646.38288186
649.524473578
652.666065305
655.807657041
658.949248786
662.09084054
665.232432302
668.374024072
671.515615851
674.657207637
677.798799432
680.940391235
684.081983046
687.223574864
690.36516669
693.506758523
696.648350364
699.789942212
702.931534067
706.07312593
709.214717799
712.356309675
715.497901558
718.639493448
721.781085345
724.922677248
728.064269157
731.205861073
734.347452996
737.489044924
740.630636859
743.772228799
746.913820746
750.055412699
753.197004657
756.338596621
759.480188591
762.621780567
765.763372548
768.904964535
772.046556527
775.188148524
778.329740527
781.471332535
784.612924548
787.754516566
790.89610859
794.037700618
797.179292651
800.320884689
803.462476732
806.60406878
809.745660832
812.887252889
816.028844951
819.170437017
822.312029087
825.453621162
828.595213242
831.736805326
834.878397414
838.019989506
841.161581603
844.303173703
847.444765808
850.586357917
853.72795003
856.869542146
860.011134267
863.152726392
866.29431852
869.435910652
872.577502788
875.719094928
878.860687071
882.002279218
885.143871369
888.285463523
891.427055681
894.568647842
897.710240006
900.851832174
903.993424346
907.13501652
910.276608698
913.41820088
916.559793064
919.701385252
922.842977443
925.984569637
929.126161834
932.267754034
935.409346238
938.550938444
941.692530653
944.834122865
947.975715081
951.117307299
954.25889952
957.400491743
960.54208397
963.683676199
966.825268431
969.966860666
973.108452904
976.250045144
979.391637387
982.533229632
985.67482188
988.816414131
991.958006384
995.09959864
998.241190898
1001.38278316
1004.52437542
1007.66596769
1010.80755996
1013.94915223
1017.0907445
1020.23233677
1023.37392905
1026.51552133
1029.65711361
1032.7987059
1035.94029818
1039.08189047
1042.22348276
1045.36507506
1048.50666735
1051.64825965
1054.78985195
1057.93144425
1061.07303656
1064.21462886
1067.35622117
1070.49781348
1073.63940579
1076.7809981
1079.92259042
1083.06418274
1086.20577506
1089.34736738
1092.4889597
1095.63055203
1098.77214436
1101.91373669
1105.05532902
1108.19692135
1111.33851368
1114.48010602
1117.62169836
1120.7632907
1123.90488304
1127.04647538
1130.18806773
1133.32966008
1136.47125243
1139.61284478
1142.75443713
1145.89602948
1149.03762184
1152.17921419
1155.32080655
1158.46239891
1161.60399127
1164.74558364
1167.887176
1171.02876837
1174.17036074
1177.31195311
1180.45354548
1183.59513785
1186.73673022
1189.8783226
1193.01991498
1196.16150736
1199.30309974
1202.44469212
1205.5862845
1208.72787688
1211.86946927
1215.01106166
1218.15265404
1221.29424643
1224.43583882
1227.57743122
1230.71902361
1233.86061601
1237.0022084
1240.1438008
1243.2853932
1246.4269856
1249.568578
1252.7101704
1255.85176281
1258.99335521
1262.13494762
1265.27654003
1268.41813243
1271.55972484
1274.70131726
1277.84290967
1280.98450208
1284.1260945
1287.26768691
1290.40927933
1293.55087175
1296.69246417
1299.83405659
1302.97564901
1306.11724143
1309.25883386
1312.40042628
1315.54201871
1318.68361114
1321.82520356
1324.96679599
1328.10838842
1331.24998086
1334.39157329
1337.53316572
1340.67475816
1343.81635059
1346.95794303
1350.09953547
1353.2411279
1356.38272034
1359.52431278
1362.66590523
1365.80749767
1368.94909011
1372.09068256
1375.232275
1378.37386745
1381.5154599
1384.65705234
1387.79864479
1390.94023724
1394.0818297
1397.22342215
1400.3650146
1403.50660705
1406.64819951
1409.78979196
1412.93138442
1416.07297688
1419.21456934
1422.3561618
1425.49775426
1428.63934672
1431.78093918
1434.92253164
1438.0641241
1441.20571657
1444.34730903
1447.4889015
1450.63049396
1453.77208643
1456.9136789
1460.05527137
1463.19686384
1466.33845631
1469.48004878
1472.62164125
1475.76323373
1478.9048262
1482.04641867
1485.18801115
1488.32960362
1491.4711961
1494.61278858
1497.75438106
1500.89597354
1504.03756602
1507.1791585
1510.32075098
1513.46234346
1516.60393594
1519.74552842
1522.88712091
1526.02871339
1529.17030588
1532.31189836
1535.45349085
1538.59508334
1541.73667583
1544.87826832
1548.0198608
1551.16145329
1554.30304579
1557.44463828
1560.58623077
1563.72782326
1566.86941575
1570.01100825
