perioda	phase	group
1.7	3.211737442	3.1896767212
1.8	3.2130765739	3.1886011766
1.9	3.2144791373	3.1874559689
2	3.2159433998	3.1863468452
2.1	3.2174692131	3.1851355219
2.2	3.2190545108	3.1839438798
2.3	3.2206987658	3.1826926754
2.4	3.2224008586	3.1813875717
2.5	3.22415879	3.1801360481
2.6	3.2259726801	3.1787999775
2.7	3.2278408217	3.1774542494
2.8	3.2297616367	3.1761676114
2.9	3.2317354082	3.1747879649
3	3.2337604252	3.1734032423
3.1	3.2358359005	3.1719956033
3.2	3.2379604008	3.1706172597
3.3	3.2401337486	3.1691927662
3.4	3.2423538865	3.1678424135
3.5	3.2446219961	3.1663581423
3.6	3.2469348861	3.1649780176
3.7	3.2492936436	3.163511552
3.8	3.2516963585	3.162061966
3.9	3.2541422185	3.160656095
4	3.2566310965	3.1592067644
4.1	3.2591616568	3.1578070654
4.2	3.2617337752	3.1563564138
4.3	3.2643461315	3.1549595879
4.4	3.2669986067	3.1535267963
4.5	3.269690591	3.1520546355
4.6	3.2724207079	3.1506571168
4.7	3.2751888022	3.1492639494
4.8	3.2779949153	3.1477784736
4.9	3.2808370293	3.1464178561
5	3.2837156576	3.1450202264
5.1	3.2866301746	3.1435990235
5.2	3.2895799161	3.1421697786
5.3	3.292563417	3.1408825962
5.4	3.2955819657	3.1394586532
5.5	3.2986335941	3.1381245637
5.6	3.3017189408	3.13671359
5.7	3.3048366677	3.1353541781
5.8	3.3079867265	3.1339869138
5.9	3.3111684122	3.1326479438
6	3.3143809592	3.1313802288
6.1	3.3176250631	3.1300323638
6.2	3.3208993694	3.1287299724
6.3	3.3242038517	3.1274221626
6.4	3.327537798	3.1261480304
6.5	3.3309004396	3.1249517452
6.6	3.3342924764	3.1236982315
6.7	3.3377132678	3.1224210149
6.8	3.3411613591	3.1212468333
6.9	3.3446374223	3.1200509716
7	3.348141527	3.118785179
7.1	3.3516715076	3.1176526384
7.2	3.3552287703	3.1164541809
7.3	3.3588119046	3.1153060237
7.4	3.362420891	3.1141703678
7.5	3.3660549904	3.1130866697
7.6	3.3697141846	3.1120216136
7.7	3.3733984923	3.1109298852
7.8	3.3771072143	3.1098490474
7.9	3.3808396114	3.1088270945
8	3.3845956611	3.1078225797
8.1	3.388375382	3.1067905493
8.2	3.3921773076	3.1058648078
8.3	3.3960021378	3.1049177873
8.4	3.3998491631	3.1039919507
8.5	3.4037183979	3.1030435908
8.6	3.4076083674	3.102203317
8.7	3.411519776	3.1013462375
8.8	3.415451907	3.1005137334
8.9	3.4194040088	3.0997486601
9	3.4233768227	3.0989281179
9.1	3.4273688963	3.0981722743
9.2	3.4313802101	3.0974421888
9.3	3.4354100116	3.0967777671
9.4	3.4394582826	3.0961404101
9.5	3.4435250337	3.0954902908
9.6	3.4476095401	3.0948637725
9.7	3.4517110506	3.0942977874
9.8	3.4558295521	3.0937543376
9.9	3.4599642947	3.0932688582
10	3.4641152683	3.0928035616
10.1	3.4682817247	3.0923924257
10.2	3.4724644201	3.0919261711
10.3	3.4766611266	3.0915775422
10.4	3.4808725613	3.0912406593
10.5	3.4850979807	3.0909467718
10.6	3.4893366224	3.090727112
10.7	3.4935892325	3.0904776133
10.8	3.4978543279	3.0902939074
10.9	3.5021318966	3.0901397031
11	3.5064211844	3.0900436349
11.1	3.5107221842	3.0899695738
11.2	3.515034146	3.0899449673
11.3	3.5193563051	3.0899970486
11.4	3.5236894089	3.090027871
11.5	3.5280319664	3.0901247515
11.6	3.5323832048	3.0903135451
11.7	3.5367438652	3.0904988823
11.8	3.5411132098	3.0907051518
11.9	3.5454897258	3.0910156822
12	3.5498741493	3.0913375663
12.1	3.554265735	3.0916940966
12.2	3.5586637265	3.0921083086
12.3	3.5630673568	3.0926029399
12.4	3.567477375	3.093088096
12.5	3.5718922816	3.0936412348
12.6	3.5763113055	3.094284062
12.7	3.5807351928	3.0949290205
12.8	3.5851624385	3.0956510596
12.9	3.5895930315	3.0964175563
13	3.5940269748	3.0971961481
13.1	3.5984627585	3.0980594813
13.2	3.6029003693	3.0989756897
13.3	3.6073398068	3.099913224
13.4	3.6117795573	3.100942589
13.5	3.6162203686	3.101982352
13.6	3.620660731	3.1031017429
13.7	3.6251006346	3.104270309
13.8	3.629540081	3.1054580165
13.9	3.633977557	3.1067322757
14	3.6384130507	3.1080635354
14.1	3.6428465611	3.1094227041
14.2	3.647276572	3.1108755208
14.3	3.6517038326	3.1123466333
14.4	3.6561268301	3.1139008432
14.5	3.6605463178	3.1154643886
14.6	3.6649607857	3.1171012258
14.7	3.669370228	3.1187842841
14.8	3.6737738848	3.1205317377
14.9	3.6781709908	3.122361615
15	3.6825623008	3.124203973
15.1	3.686947066	3.1260772398
15.2	3.691323769	3.1280428933
15.3	3.6956923986	3.1300759922
15.4	3.7000537152	3.1321097656
15.5	3.7044054473	3.1342470372
15.6	3.7087483443	3.1364222471
15.7	3.7130824124	3.1386125298
15.8	3.7174053757	3.1409186991
15.9	3.7217187436	3.1432366515
16	3.726021767	3.1455853695
16.1	3.7303129279	3.1480237688
16.2	3.7345929811	3.1504909071
16.3	3.7388611722	3.1530059121
16.4	3.7431167417	3.1555878336
16.5	3.7473596879	3.1582169054
16.6	3.7515892515	3.1609124122
16.7	3.7558061941	3.1636173228
16.8	3.7600090035	3.1663893939
16.9	3.764197678	3.1692105614
17	3.768371458	3.1721006054
17.1	3.7725311047	3.1750053495
17.2	3.7766751041	3.1779818827
17.3	3.7808042168	3.1809774116
17.4	3.7849176906	3.1840126205
17.5	3.789014005	3.1871439219
17.6	3.793094678	3.1902847749
17.7	3.7971589594	3.1934564179
17.8	3.8012060937	3.1966799961
17.9	3.8052360837	3.1999418075
18	3.8092481721	3.2032632073
18.1	3.8132423598	3.2066312075
18.2	3.8172194136	3.2099993947
18.3	3.821177059	3.2134574923
18.4	3.8251168159	3.2169263574
18.5	3.8290379333	3.2204284154
18.6	3.8329396547	3.223985961
18.7	3.836822745	3.2275556287
18.8	3.8406856892	3.2311927842
18.9	3.8445292499	3.2348551191
19	3.848353435	3.2385335164
19.1	3.8521574916	3.242251174
19.2	3.8559406618	3.2460311232
19.3	3.8597044721	3.2498020552
19.4	3.8634466481	3.2536502097
19.5	3.8671694765	3.2574746838
19.6	3.8708706853	3.2613612849
19.7	3.8745510382	3.2652722926
19.8	3.8782097799	3.2692316344
19.9	3.8818484395	3.27317271
20	3.8854647434	3.2771800194
20.1	3.8890602174	3.2811881513
20.2	3.8926333473	3.2852512394
20.3	3.8961856609	3.2893054019
20.4	3.8997156452	3.2934046818
20.5	3.9032240668	3.2975155731
20.6	3.9067101721	3.3016629016
20.7	3.9101747289	3.3058141916
20.8	3.9136169846	3.3099945114
20.9	3.9170377083	3.314172368
21	3.9204353853	3.3184009969
21.1	3.9238115436	3.3226216831
21.2	3.9271646695	3.3268874735
21.3	3.9304962917	3.3311409057
21.4	3.9338056599	3.3354075814
21.5	3.9370920189	3.3397127876
21.6	3.9403561359	3.3440277255
21.7	3.9435987823	3.3483243652
21.8	3.9468184448	3.3526550477
21.9	3.9500151278	3.3570184979
22	3.9531903621	3.361361234
22.1	3.9563426342	3.3657351658
22.2	3.9594734748	3.3700878404
22.3	3.9625813704	3.3744708547
22.4	3.9656670887	3.3788582837
22.5	3.968730638	3.3832502611
22.6	3.9717712636	3.387672292
22.7	3.974790496	3.3920742985
22.8	3.9777875838	3.3964820941
22.9	3.9807625346	3.4008963482
23	3.9837153561	3.4053178458
23.1	3.9866468186	3.4097230263
23.2	3.9895561695	3.4141375373
23.3	3.9924434156	3.418562471
23.4	3.9953085637	3.4229990082
23.5	3.9981523829	3.4274245511
23.6	4.0009748827	3.4318407807
23.7	4.0037753088	3.4362730217
23.8	4.0065551927	3.4406758895
23.9	4.0093130197	3.4450981731
24	4.0120495576	3.4495183154
24.1	4.014765577	3.4539152786
24.2	4.017459562	3.4583371594
24.3	4.0201330424	3.4627402091
24.4	4.0227860275	3.4671268427
24.5	4.0254177631	3.4715219732
24.6	4.0280290181	3.4759054073
24.7	4.0306198002	3.4802796302
24.8	4.0331901173	3.484647142
24.9	4.0357399765	3.4890104545
25	4.0382693847	3.493372087
25.1	4.0407791113	3.4977128719
25.2	4.0432691647	3.5020356445
25.3	4.0457387902	3.5063646764
25.4	4.048188756	3.5106811674
25.5	4.0506190693	3.5149879315
25.6	4.053029737	3.5192877693
25.7	4.0554215285	3.5235625151
25.8	4.0577936893	3.5278360672
25.9	4.0601469878	3.5320904593
26	4.0624806687	3.5363493061
26.1	4.0647962627	3.5405743505
26.2	4.0670922528	3.5448095734
26.3	4.069370169	3.5490171233
26.4	4.0716300192	3.5532001906
26.5	4.073871048	3.5573819489
26.6	4.0760940234	3.5615453207
26.7	4.0782989521	3.5656933828
26.8	4.0804858406	3.5698291713
26.9	4.0826546946	3.5739556801
27	4.0848062827	3.5780563918
27.1	4.086939849	3.5821538506
27.2	4.0890569242	3.5862124097
27.3	4.0911559905	3.5902737265
27.4	4.093238578	3.5943024821
27.5	4.095303168	3.5983398125
27.6	4.0973520528	3.6023318819
27.7	4.0993837148	3.6063195762
27.8	4.1013981585	3.6103057295
27.9	4.1033969139	3.6142560647
28	4.1053792253	3.6181922647
28.1	4.1073458608	3.6220989352
28.2	4.1092960637	3.6259974466
28.3	4.1112306016	3.6298724892
28.4	4.1131487172	3.6337451237
28.5	4.1150519402	3.6375821808
28.6	4.1169395143	3.6414046662
28.7	4.1188114442	3.6452154292
28.8	4.1206684975	3.648999605
28.9	4.1225106795	3.6527601745
29	4.1243372328	3.6565175292
29.1	4.1261496867	3.6602395282
29.2	4.1279472844	3.6639465039
29.3	4.1297300304	3.6676411984
29.4	4.1314986916	3.671309187
29.5	4.1332532732	3.6749533318
29.6	4.1349937802	3.6785764343
29.7	4.1367202172	3.682181236
29.8	4.1384325885	3.6857704186
29.9	4.1401308982	3.6893466046
30	4.141815913	3.692895773
30.1	4.1434876379	3.6964206579
30.2	4.1451460773	3.6999239332
30.3	4.1467912355	3.7034082137
30.4	4.1484231166	3.7068760551
30.5	4.1500424874	3.7103137879
30.6	4.1516485896	3.7137401586
30.7	4.1532414266	3.7171575496
30.8	4.1548225274	3.7205364385
30.9	4.1563911343	3.7238953732
31	4.1579472509	3.7272367828
31.1	4.159490881	3.7305630397
31.2	4.1610227908	3.7338608516
31.3	4.1625422216	3.7371482229
31.4	4.1640507022	3.7403964494
31.5	4.1655467117	3.7436388585
31.6	4.1670310154	3.7468622449
31.7	4.1685043798	3.7500536312
31.8	4.1699652832	3.7532457284
31.9	4.1714160165	3.756395236
32	4.1728550585	3.7595346644
32.1	4.1742831749	3.7626511189
32.2	4.175700369	3.7657467875
32.3	4.1771066442	3.7688238065
32.4	4.1785027664	3.7718695405
32.5	4.1798872137	3.7749155187
32.6	4.1812622766	3.7779197922
32.7	4.1826264336	3.7809137024
32.8	4.1839804502	3.7838846942
32.9	4.1853235664	3.7868491706
33	4.1866573104	3.7897803121
33.1	4.1879809228	3.7926944774
33.2	4.1892951693	3.7955793801
33.3	4.1905985273	3.7984652557
33.4	4.1918932873	3.8013115946
33.5	4.1931779272	3.804148459
33.6	4.194453212	3.8069636431
33.7	4.1957191447	3.8097589871
33.8	4.1969757277	3.8125362868
33.9	4.1982237266	3.8152835753
34	4.1994616186	3.81803005
34.1	4.200691694	3.8207364216
34.2	4.2019116677	3.8234452584
34.3	4.2031238296	3.8261175605
34.4	4.2043266573	3.8287820334
34.5	4.2055216785	3.8314134825
34.6	4.2067073703	3.8340402891
34.7	4.2078852602	3.8366374198
34.8	4.2090545881	3.839219767
34.9	4.210215356	3.8417888476
35	4.2113683288	3.8443330867
35.1	4.2125127461	3.8468670855
35.2	4.2136493726	3.8493793108
35.3	4.2147782105	3.8518712931
35.4	4.2158992621	3.854344526
35.5	4.2170125294	3.8568004676
35.6	4.2181187774	3.8592278262
35.7	4.2192164827	3.8616534639
35.8	4.2203071725	3.8640533713
35.9	4.221390086	3.8664415729
36	4.2224659878	3.8688068604
36.1	4.2235348802	3.8711506409
36.2	4.2245960022	3.8734866776
36.3	4.2256501182	3.8758038265
36.4	4.2266979929	3.8780911136
36.5	4.2277381029	3.8803744291
36.6	4.2287712123	3.8826426945
36.7	4.2297980857	3.8848849986
36.8	4.2308179622	3.8871147526
36.9	4.2318308433	3.8893331158
37	4.2328374935	3.8915292413
37.1	4.2338379146	3.8937043731
37.2	4.2348313455	3.895871605
37.3	4.2358193133	3.8980083255
37.4	4.2368002943	3.9001393942
37.5	4.2377750525	3.9022540733
37.6	4.2387435895	3.9043534683
37.7	4.2397059068	3.906438659
37.8	4.2406620058	3.9085106992
37.9	4.2416126507	3.9105590747
38	4.2425570804	3.9125964183
38.1	4.2434952962	3.9146237091
38.2	4.2444280621	3.9166304985
38.3	4.2453553798	3.9186178486
38.4	4.2462764879	3.9205981102
38.5	4.2471929132	3.9225496327
38.6	4.2481031318	3.9244959815
38.7	4.2490079075	3.9264268189
38.8	4.2499072416	3.9283430905
38.9	4.2508011354	3.9302457203
39	4.2516895901	3.9321356105
39.1	4.2525726068	3.9340136424
39.2	4.2534509497	3.9358697137
39.3	4.2543238572	3.937715706
39.4	4.2551913305	3.9395524389
39.5	4.2560541333	3.9413698765
39.6	4.2569122672	3.9431689185
39.7	4.2577649703	3.9449611979
39.8	4.2586130067	3.9467367454
39.9	4.2594563773	3.9484964021
40	4.2602943205	3.9502516218
40.1	4.261128363	3.9519819109
40.2	4.2619569802	3.9537092724
40.3	4.2627809358	3.9554238491
40.4	4.2636009938	3.9571159192
40.5	4.2644163925	3.9587967616
40.6	4.26522637	3.9604774875
40.7	4.2660332155	3.9621276176
40.8	4.266834642	3.9637790095
40.9	4.2676321757	3.9654116616
41	4.2684250548	3.9670365769
41.1	4.2692140431	3.9686441871
41.2	4.2699983787	3.9702453887
41.3	4.2707788252	3.9718306576
41.4	4.2715553836	3.9734006917
41.5	4.2723272921	3.9749662312
41.6	4.2730953142	3.9765178186
41.7	4.2738594507	3.9780561075
41.8	4.2746197025	3.9795817372
41.9	4.2753760706	3.9810953333
42	4.2761285558	3.982597507
42.1	4.2768763959	3.9840987007
42.2	4.2776211173	3.9855797807
42.3	4.2783619581	3.9870511935
42.4	4.2790996819	3.9885037579
42.5	4.2798327639	3.9899575313
42.6	4.2805627304	3.9913936055
42.7	4.2812888193	3.9928222386
42.8	4.2820117942	3.9942343358
42.9	4.2827301301	3.9956496358
43	4.2834461162	3.9970399133
43.1	4.2841582277	3.9984248465
43.2	4.2848664652	3.9998049004
43.3	4.285571592	4.0011710877
43.4	4.286273609	4.002523945
43.5	4.2869725169	4.0038639976
43.6	4.2876675536	4.0052011056
43.7	4.2883594823	4.0065263675
43.8	4.2890483039	4.0078402767
43.9	4.289733256	4.0091525681
44	4.2904158648	4.0104451837
44.1	4.2910946055	4.0117370559
44.2	4.2917710042	4.0130102305
44.3	4.2924435359	4.0142834977
44.4	4.2931137268	4.0155390065
44.5	4.2937808148	4.0167863378
44.6	4.2944448004	4.0180259077
44.7	4.2951056842	4.0192581232
44.8	4.2957634666	4.0204833827
44.9	4.2964181481	4.021702076
45	4.2970704922	4.0229056627
45.1	4.2977197366	4.0241034926
45.2	4.2983666447	4.0252870661
45.3	4.2990104542	4.0264656587
45.4	4.2996511656	4.0276396192
45.5	4.3002895422	4.0288005094
45.6	4.3009248216	4.0299574956
45.7	4.3015577671	4.0311021805
45.8	4.3021883795	4.032234963
45.9	4.3028158962	4.0333649031
46	4.3034403176	4.0344923051
46.1	4.30406317	4.0356002387
46.2	4.3046829282	4.0367063255
46.3	4.3053003554	4.0378022892
46.4	4.3059146892	4.0388970183
46.5	4.3065274557	4.0399737697
46.6	4.3071371299	4.0410499226
46.7	4.3077444747	4.0421172807
46.8	4.3083494908	4.0431761721
46.9	4.3089521785	4.0442269182
47	4.3095517754	4.0452782109
47.1	4.3101498075	4.0463135823
47.2	4.3107455124	4.047341735
47.3	4.3113388907	4.0483629655
47.4	4.3119299427	4.0493775647
47.5	4.3125186687	4.0503858173
47.6	4.3131050692	4.0513880026
47.7	4.3136891444	4.0523843941
47.8	4.3142708947	4.0533752598
47.9	4.3148510834	4.0543527106
48	4.3154289481	4.0553252019
48.1	4.316004489	4.0562929858
48.2	4.3165777065	4.0572563089
48.3	4.3171493639	4.0582073573
48.4	4.3177179357	4.0591625008
48.5	4.3182857107	4.0600978776
48.6	4.318850401	4.061037806
48.7	4.3194135323	4.0619665171
48.8	4.3199751052	4.0628842963
48.9	4.3205343572	4.0637993391
49	4.3210912884	4.0647118537
49.1	4.321646662	4.0656141749
49.2	4.3221997156	4.0665144152
49.3	4.3227512122	4.0674049459
49.4	4.3233011522	4.0682860238
49.5	4.3238487732	4.0691656803
49.6	4.3243940752	4.0700440984
49.7	4.3249385844	4.0709059867
49.8	4.3254800124	4.0717747883
49.9	4.326020648	4.0726275363
50	4.326558966	4.0734798645
50.1	4.3270957294	4.0743242882
50.2	4.3276309385	4.0751610304
50.3	4.3281638307	4.0759979149
50.4	4.3286951691	4.0768275107
50.5	4.329224954	4.0776500288
50.6	4.3297531857	4.0784656767
50.7	4.3302798644	4.0792746579
50.8	4.3308042276	4.0800846725
50.9	4.3313278011	4.0808808976
51	4.3318490597	4.081678504
51.1	4.3323687662	4.0824701828
51.2	4.332886921	4.0832561201
51.3	4.3334035243	4.0840364986
51.4	4.3339185764	4.0848114977
51.5	4.3344320775	4.0855812937
51.6	4.3349432649	4.086353397
51.7	4.3354536645	4.087113284
51.8	4.3359625138	4.0878684774
51.9	4.3364698131	4.0886191407
52	4.3369755624	4.0893654347
52.1	4.3374797621	4.0901075173
52.2	4.3379824123	4.0908455431
52.3	4.3384842762	4.0915724635
52.4	4.3389838283	4.092302847
52.5	4.3394825944	4.093022459
52.6	4.339979049	4.0937457861
52.7	4.3404747181	4.0944586645
52.8	4.3409688389	4.0951683937
52.9	4.3414621747	4.0958680221
53	4.3419531998	4.0965718751
53.1	4.3424434402	4.0972659284
53.2	4.3429321331	4.0979573964
53.3	4.3434192789	4.0986464048
53.4	4.3439056404	4.0993260816
53.5	4.3443896923	4.100010556
53.6	4.3448737232	4.1006790156
53.7	4.3453554448	4.1013525067
53.8	4.3458363829	4.1020172438
53.9	4.3463157749	4.1026802971
54	4.3467936209	4.1033417765
54.1	4.347270684	4.1039949191
54.2	4.3477469644	4.104639882
54.3	4.3482209365	4.1052904913
54.4	4.3486941261	4.1059331609
54.5	4.3491665336	4.1065680409
54.6	4.3496373961	4.1072020634
54.7	4.3501067138	4.1078353238
54.8	4.3505752498	4.108461166
54.9	4.3510422413	4.1090864645
55	4.3515084513	4.1097045933
55.1	4.3519738801	4.1103156895
55.2	4.352437765	4.1109265712
55.3	4.352900106	4.111537323
55.4	4.3533616662	4.112141378
55.5	4.3538216828	4.112745499
55.6	4.3542809188	4.1133431485
55.7	4.3547393745	4.1139344523
55.8	4.355196287	4.1145261184
55.9	4.3556524195	4.1151116532
56	4.356107772	4.1156911767
56.1	4.3565615819	4.1162713435
56.2	4.3570138492	4.1168522233
56.3	4.3574660998	4.1174208759
56.4	4.3579168082	4.1179904379
56.5	4.3583659744	4.1185609747
56.6	4.3588151243	4.1191196358
56.7	4.3592627324	4.1196794585
56.8	4.3597087986	4.120240504
56.9	4.360154849	4.1207900103
57	4.3605993579	4.1213409172
57.1	4.3610430883	4.1218869013
57.2	4.3614852774	4.1224344282
57.3	4.3619274511	4.1229708527
57.4	4.3623680838	4.1235089862
57.5	4.3628079385	4.1240425606
57.6	4.3632462524	4.1245779757
57.7	4.3636845514	4.1251027008
57.8	4.3641213098	4.1256294217
57.9	4.3645572907	4.1261519251
58	4.3649924941	4.1266703002
58.1	4.3654269203	4.1271846346
58.2	4.3658598063	4.1277012315
58.3	4.3662919152	4.1282139313
58.4	4.3667240099	4.1287166303
58.5	4.367154565	4.1292218
58.6	4.3675843432	4.1297233208
58.7	4.3680125819	4.1302274176
58.8	4.3684408068	4.1307218665
58.9	4.3688682553	4.1312129034
59	4.3692941645	4.1317067074
59.1	4.3697192975	4.1321972243
59.2	4.3701444171	4.1326784539
59.3	4.3705679978	4.1331626318
59.4	4.3709908026	4.1336437424
59.5	4.3714128314	4.1341218569
59.6	4.3718340844	4.1345970452
59.7	4.3722545618	4.1350693763
59.8	4.3726742635	4.135538918
59.9	4.3730931898	4.1360057371
60	4.3735113407	4.1364698996
60.1	4.3739287162	4.1369314701
60.2	4.3743453166	4.1373905126
60.3	4.3747611418	4.1378470898
60.4	4.375176192	4.1383012637
60.5	4.3755904672	4.1387530953
60.6	4.3760039675	4.1392026444
60.7	4.3764166931	4.1396499703
60.8	4.376828644	4.1400951311
60.9	4.3772398202	4.1405381842
61	4.3776502219	4.1409791859
61.1	4.3780598491	4.1414181919
61.2	4.3784694649	4.1418494485
61.3	4.3788775435	4.1422846383
61.4	4.3792856108	4.142712211
61.5	4.3796921411	4.1431437966
61.6	4.3800986602	4.1435678941
61.7	4.3805036425	4.143996081
61.8	4.3809086137	4.1444169054
61.9	4.3813128111	4.144836173
62	4.3817162348	4.1452539321
62.1	4.3821196477	4.1456645347
62.2	4.3825215242	4.1460794299
62.3	4.3829226271	4.1464929567
62.4	4.3833237194	4.1468995019
62.5	4.3837240384	4.1473047922
62.6	4.3841235842	4.1477088715
62.7	4.3845223566	4.1481117829
62.8	4.384920356	4.1485135688
62.9	4.3853183451	4.1489086726
63	4.3857147983	4.1493083435
63.1	4.3861112414	4.1497014376
63.2	4.3865069117	4.1500935925
63.3	4.3869018091	4.1504848473
63.4	4.3872966967	4.1508697011
63.5	4.3876908116	4.1512537539
63.6	4.388083391	4.1516425589
63.7	4.3884759607	4.1520251098
63.8	4.3888685208	4.1524014766
63.9	4.3892595457	4.1527826916
64	4.389650561	4.1531578158
64.1	4.390040804	4.1535323759
64.2	4.3904302748	4.1539064054
64.3	4.3908197363	4.1542745017
64.4	4.3912084257	4.1546421552
64.5	4.3915963431	4.155009398
64.6	4.3919834884	4.1553762616
64.7	4.3923706247	4.1557373859
64.8	4.3927569892	4.156098214
64.9	4.3931425818	4.156458776
65	4.3935274026	4.1568191011
65.1	4.3939122146	4.1571738715
65.2	4.3942962549	4.1575284838
65.3	4.3946802866	4.1578776409
65.4	4.3950627838	4.1582320307
65.5	4.3954452724	4.1585810413
65.6	4.3958277525	4.1589247312
65.7	4.3962086984	4.1592737217
65.8	4.3965896357	4.1596174646
65.9	4.3969705648	4.1599560162
66	4.3973499597	4.1602999326
66.1	4.3977293463	4.160638728
66.2	4.3981087247	4.1609724572
66.3	4.3984865692	4.1613116113
66.4	4.3988644055	4.1616457665
66.5	4.3992422338	4.1619749762
66.6	4.3996185282	4.1623096672
66.7	4.3999955776	4.1626343004
66.8	4.4003710933	4.1629644575
66.9	4.4007466011	4.1632898164
67	4.4011213382	4.1636155739
67.1	4.4014960675	4.1639366144
67.2	4.4018700262	4.1642581131
67.3	4.4022432143	4.1645800894
67.4	4.4026163947	4.1648974569
67.5	4.4029895676	4.1652102639
67.6	4.4033612072	4.1655287288
67.7	4.4037328392	4.1658426893
67.8	4.4041044638	4.1661521923
67.9	4.4044753182	4.1664623399
68	4.4048454022	4.1667731487
68.1	4.405215479	4.1670795995
68.2	4.4055847855	4.1673867634
68.3	4.4059540849	4.1676896399
68.4	4.4063226142	4.1679932799
68.5	4.4066903734	4.1682976985
68.6	4.4070581255	4.1685979234
68.7	4.4074251076	4.1688989752
68.8	4.4077920827	4.1691959002
68.9	4.4081590508	4.1694887406
69	4.4085244862	4.1697874357
69.1	4.4088906776	4.170077153
69.2	4.4092553364	4.1703727509
69.3	4.4096199883	4.1706643734
69.4	4.4099846334	4.1709520608
69.5	4.4103485089	4.1712407546
69.6	4.4107123778	4.1715255744
69.7	4.411075477	4.1718114423
69.8	4.4114378067	4.1720983696
69.9	4.4118001299	4.1723815029
70	4.4121624464	4.1726608802
70.1	4.4125239936	4.1729413854
70.2	4.4128855343	4.1732181917
70.3	4.4132463057	4.1734961639
70.4	4.4136063078	4.1737753119
70.5	4.4139663035	4.1740508354
70.6	4.4143262929	4.1743227704
70.7	4.4146855131	4.1745959442
70.8	4.415044727	4.1748655829
70.9	4.4154031718	4.1751364953
71	4.4157616104	4.1754039247
71.1	4.41611928	4.1756726617
71.2	4.4164769435	4.1759379666
71.3	4.416833838	4.1762046119
71.4	4.4171907264	4.1764678751
71.5	4.4175468459	4.1767325103
71.6	4.4179029594	4.1769938124
71.7	4.418258304	4.1772565173
71.8	4.4186136427	4.1775159367
71.9	4.4189689755	4.1777721026
72	4.4193235396	4.1780297243
72.1	4.4196780979	4.1782841385
72.2	4.4200318874	4.178540037
72.3	4.4203856712	4.1787927731
72.4	4.4207386864	4.1790470211
72.5	4.4210916958	4.1792981508
72.6	4.4214446997	4.1795461924
72.7	4.4217969349	4.1797957938
72.8	4.4221484017	4.1800469594
72.9	4.4225006257	4.1802904908
73	4.4228520814	4.1805356279
73.1	4.4232027686	4.1807823747
73.2	4.4235534503	4.1810261585
73.3	4.4239041265	4.1812670075
73.4	4.4242540345	4.1815095096
73.5	4.424603937	4.1817491163
73.6	4.4249530712	4.1819903988
73.7	4.4253022001	4.1822288245
73.8	4.4256513237	4.1824644202
73.9	4.4259996791	4.1827017322
74	4.4263480292	4.1829362516
74.1	4.4266956112	4.183172508
74.2	4.4270431879	4.1834060082
74.3	4.4273907595	4.1836367781
74.4	4.427737563	4.1838693226
74.5	4.4280843614	4.184099172
74.6	4.4284311547	4.1843263513
74.7	4.42877718	4.1845553413
74.8	4.4291232003	4.1847816953
74.9	4.4294684526	4.1850098778
75	4.4298136999	4.1852354578
75.1	4.4301589423	4.1854584592
75.2	4.4305034168	4.1856833225
75.3	4.4308478864	4.1859056395
75.4	4.4311923511	4.1861254336
75.5	4.431536048	4.1863471215
75.6	4.43187974	4.1865663176
75.7	4.4322234273	4.1867830448
75.8	4.4325663468	4.1870016962
75.9	4.4329092616	4.1872179088
76	4.4332514086	4.1874360602
76.1	4.4335943139	4.1876474542
76.2	4.4339356887	4.1878651563
76.3	4.4342778217	4.1880761449
76.4	4.4346191871	4.1882891146
76.5	4.4349605478	4.1884997464
76.6	4.435301904	4.1887080617
76.7	4.4356424927	4.1889183843
76.8	4.4359830768	4.1891264175
76.9	4.4363228935	4.1893364702
77	4.4366627056	4.18954426
77.1	4.4370025132	4.1897498073
77.2	4.4373423164	4.1899531319
77.3	4.4376813521	4.1901585131
77.4	4.4380203835	4.1903616972
77.5	4.4383594104	4.1905627037
77.6	4.43869767	4.1907657894
77.7	4.4390359253	4.1909667221
77.8	4.4393741762	4.1911655209
77.9	4.4397116599	4.1913664206
78	4.4400499022	4.1915610012
78.1	4.4403866143	4.1917619076
78.2	4.4407240851	4.1919565323
78.3	4.4410607888	4.1921532897
78.4	4.4413974882	4.1923479965
78.5	4.4417341834	4.1925406708
78.6	4.4420701116	4.192735497
78.7	4.4424060355	4.1929283124
78.8	4.4427419553	4.1931191348
78.9	4.4430771081	4.1933121271
79	4.4434130197	4.1934990087
79.1	4.4437474013	4.1936922127
79.2	4.4440825418	4.1938793404
79.3	4.4444169153	4.1940686652
79.4	4.4447520477	4.1942519609
79.5	4.4450856503	4.194441578
79.6	4.4454200118	4.1946251993
79.7	4.4457536064	4.1948110432
79.8	4.446087197	4.1949950217
79.9	4.4464207837	4.1951771507
80	4.4467536036	4.195361517
80.1	4.4470871824	4.1955399884
80.2	4.4474199945	4.195720715
80.3	4.4477520398	4.1959036928
80.4	4.4480848442	4.1960808292
80.5	4.4484168818	4.1962602342
80.6	4.4487489156	4.1964378723
80.7	4.4490801827	4.196617783
80.8	4.4494122089	4.1967919263
80.9	4.4497434684	4.1969683587
81	4.4500747242	4.197143071
81.1	4.4504052134	4.1973200759
81.2	4.4507364617	4.1974913851
81.3	4.4510669434	4.1976650028
81.4	4.4513974215	4.1978369451
81.5	4.4517278959	4.1980072262
81.6	4.4520576037	4.1981798261
81.7	4.4523873079	4.1983507801
81.8	4.4527170085	4.198520102
81.9	4.4530467054	4.1986878054
82	4.4533756359	4.1988578445
82.1	4.4537053257	4.1990223455
82.2	4.4540342491	4.1991891963
82.3	4.454362406	4.1993583914
82.4	4.4546913223	4.1995220948
82.5	4.4550194721	4.1996881561
82.6	4.4553476185	4.199852667
82.7	4.4556757614	4.2000156403
82.8	4.4560039008	4.2001770888
82.9	4.4563312739	4.2003409093
83	4.4566586435	4.2005032179
83.1	4.4569860098	4.2006640272
83.2	4.4573133726	4.2008233494
83.3	4.457640732	4.2009811969
83.4	4.4579673252	4.2011414352
83.5	4.458293915	4.201300211
83.6	4.4586205014	4.2014575362
83.7	4.4589470845	4.2016134227
83.8	4.4592729014	4.2017717115
83.9	4.459599478	4.2019247499
84	4.4599252883	4.202080202
84.1	4.4602510953	4.20223425
84.2	4.4605761362	4.2023907108
84.3	4.4609019367	4.2025419792
84.4	4.4612269711	4.2026956711
84.5	4.4615520022	4.2028479925
84.6	4.4618770302	4.2029989544
84.7	4.462202055	4.2031485679
84.8	4.4625263137	4.2033006137
84.9	4.4628505692	4.2034513213
85	4.4631748215	4.2036007013
85.1	4.4634990707	4.2037487644
85.2	4.4638233168	4.2038955213
85.3	4.4641475598	4.2040409823
85.4	4.4644710368	4.204188893
85.5	4.4647945106	4.2043355173
85.6	4.4651179814	4.2044808654
85.7	4.4654414492	4.2046249476
85.8	4.465764151	4.2047714859
85.9	4.4660876126	4.2049130608
86	4.4664103084	4.2050571004
86.1	4.4667330011	4.2051999029
86.2	4.4670556908	4.2053414778
86.3	4.4673783775	4.2054818351
86.4	4.4677002984	4.2056246625
86.5	4.4680222162	4.2057662803
86.6	4.4683441311	4.2059066981
86.7	4.4686660431	4.2060459254
86.8	4.4689879521	4.2061839714
86.9	4.4693098582	4.2063208455
87	4.4696309986	4.2064602017
87.1	4.4699528989	4.2065947542
87.2	4.4702740335	4.206731796
87.3	4.4705951651	4.2068676915
87.4	4.470915531	4.2070060724
87.5	4.471236657	4.2071396968
87.6	4.4715577801	4.2072722016
87.7	4.4718781375	4.2074072019
87.8	4.4721984921	4.2075410893
87.9	4.4725188439	4.2076738724
88	4.4728391929	4.2078055598
88.1	4.4731587762	4.2079397448
88.2	4.4734791196	4.2080692611
88.3	4.4737986974	4.208201281
88.4	4.4741182724	4.2083322283
88.5	4.4744378446	4.2084621113
88.6	4.4747574142	4.2085909381
88.7	4.475076981	4.2087187168
88.8	4.4753965452	4.2088454556
88.9	4.4757153437	4.2089747047
89	4.4760341395	4.2091029194
89.1	4.4763529327	4.2092301077
89.2	4.4766717232	4.2093562772
89.3	4.476990511	4.209481436
89.4	4.4773092962	4.2096055915
89.5	4.4776273159	4.2097322627
89.6	4.4779460959	4.2098544298
89.7	4.4782641103	4.2099791174
89.8	4.4785821221	4.2101028219
89.9	4.4789001313	4.2102255508
90	4.479218138	4.2103473116
90.1	4.4795361421	4.2104681116
90.2	4.4798533807	4.2105914331
90.3	4.4801713796	4.2107103282
90.4	4.4804886132	4.2108317491
90.5	4.4808058441	4.2109522279
90.6	4.4811230726	4.2110717718
90.7	4.4814402985	4.2111903878
90.8	4.4817575219	4.2113080829
90.9	4.4820739799	4.2114283036
91	4.4823911984	4.2115441726
91.1	4.4827076514	4.211662571
91.2	4.483024102	4.2117800661
91.3	4.4833413131	4.2118932446
91.4	4.4836569958	4.2120123727
91.5	4.483973439	4.2121271978
91.6	4.4842898798	4.2122411461
91.7	4.4846063182	4.2123542242
91.8	4.4849219913	4.2124698338
91.9	4.4852376619	4.2125845764
92	4.4855540931	4.212695073
92.1	4.4858697589	4.2128081056
92.2	4.4861854224	4.2129202903
92.3	4.4865010835	4.2130316334
92.4	4.4868159794	4.2131455073
92.5	4.4871316358	4.2132551811
92.6	4.4874472898	4.2133640317
92.7	4.4877621786	4.2134754171
92.8	4.4880770651	4.213585982
92.9	4.4883919493	4.2136957324
93	4.4887068311	4.2138046744
93.1	4.4890217106	4.2139128138
93.2	4.4893365879	4.2140201566
93.3	4.4896514629	4.2141267084
93.4	4.4899663356	4.2142324752
93.5	4.4902804431	4.2143407766
93.6	4.4905945483	4.214448295
93.7	4.4909094142	4.2145517317
93.8	4.491223515	4.2146577059
93.9	4.4915376135	4.2147629141
94	4.4918517098	4.2148673619
94.1	4.4921658038	4.2149710547
94.2	4.4924798957	4.2150739981
94.3	4.4927932224	4.2151794742
94.4	4.4931073099	4.2152809304
94.5	4.4934206322	4.2153849208
94.6	4.4937347153	4.2154849113
94.7	4.4940480333	4.2155874375
94.8	4.4943613491	4.2156892372
94.9	4.4946746628	4.2157903156
95	4.4949879743	4.215890678
95.1	4.4953012837	4.2159903294
95.2	4.4956145909	4.2160892749
95.3	4.4959271331	4.2161907509
95.4	4.4962404361	4.2162882955
95.5	4.4965529741	4.2163883716
95.6	4.4968662728	4.2164845352
95.7	4.4971788066	4.2165832313
95.8	4.4974913382	4.2166812425
95.9	4.4978038678	4.2167785738
96	4.4981163953	4.2168752299
96.1	4.4984289207	4.2169712157
96.2	4.4987414441	4.2170665359
96.3	4.4990539654	4.2171611952
96.4	4.4993657217	4.2172583809
96.5	4.499678239	4.2173517282
96.6	4.4999899912	4.2174476024
96.7	4.5003025044	4.2175396562
96.8	4.5006142526	4.2176342374
96.9	4.5009259988	4.2177281767
97	4.501237743	4.2178214787
97.1	4.5015502481	4.2179109957
97.2	4.5018619883	4.2180030407
97.3	4.5021729636	4.2180976052
97.4	4.5024846998	4.2181884024
97.5	4.5027964341	4.2182785843
97.6	4.5031081664	4.2183681552
97.7	4.5034191338	4.2184602459
97.8	4.5037308622	4.2185486036
97.9	4.5040418257	4.2186394811
98	4.5043527872	4.2187297562
98.1	4.5046645098	4.2188163235
98.2	4.5049754675	4.2189054105
98.3	4.5052864233	4.2189939076
98.4	4.5055973772	4.2190818188
98.5	4.5059083291	4.2191691483
98.6	4.5062192792	4.2192559
98.7	4.5065302274	4.219342078
98.8	4.5068404107	4.2194307666
98.9	4.5071513551	4.219515805
99	4.5074622977	4.2196002814
99.1	4.5077724754	4.2196872679
99.2	4.5080834142	4.2197706282
99.3	4.5083935882	4.2198564979
99.4	4.5087037603	4.2199418131
99.5	4.5090146936	4.2200235258
99.6	4.509324862	4.2201077471
99.7	4.5096350287	4.2201914251
99.8	4.5099451935	4.2202745635
99.9	4.5102553565	4.2203571661
100	4.5105655176	4.2204392364
100.1	4.510875677	4.2205207781
100.2	4.5111850716	4.2206048182
100.3	4.5114952274	4.2206853097
100.4	4.5118053813	4.2207652834
100.5	4.5121147706	4.2208477541
100.6	4.512424921	4.2209266988
100.7	4.5127343066	4.2210081396
100.8	4.5130444535	4.2210860694
100.9	4.5133538356	4.2211664942
101	4.513663216	4.2212464143
101.1	4.5139733576	4.2213228454
101.2	4.5142827345	4.2214017699
101.3	4.5145921097	4.2214801999
101.4	4.5149014831	4.2215581385
101.5	4.5152108548	4.2216355892
101.6	4.5155202247	4.2217125551
101.7	4.515829593	4.2217890397
101.8	4.5161389595	4.221865046
101.9	4.5164475614	4.2219435339
102	4.5167569245	4.2220185897
102.1	4.5170662859	4.222093177
102.2	4.5173748827	4.2221702438
102.3	4.5176842408	4.2222438995
102.4	4.5179935971	4.2223170961
102.5	4.5183021889	4.2223927701
102.6	4.5186107789	4.2224679834
102.7	4.5189201303	4.2225398134
102.8	4.519228717	4.2226141184
102.9	4.5195373021	4.2226879721
103	4.5198466485	4.2227584627
103.1	4.5201552303	4.2228314261
103.2	4.5204638105	4.2229039469
103.3	4.520772389	4.2229760281
103.4	4.5210809659	4.2230476727
103.5	4.5213895412	4.2231188835
103.6	4.5216981148	4.2231896634
103.7	4.5220066869	4.2232600152
103.8	4.5223152573	4.2233299418
103.9	4.5226230632	4.2234023269
104	4.5229316304	4.2234714079
104.1	4.523240196	4.2235400721
104.2	4.5235479971	4.2236111921
104.3	4.5238565596	4.2236790273
104.4	4.5241651204	4.2237464539
104.5	4.5244729168	4.2238163334
104.6	4.5247814745	4.2238829473
104.7	4.5250892677	4.2239520122
104.8	4.5253978223	4.2240178241
104.9	4.5257056124	4.2240860851
105	4.526013401	4.2241539462
105.1	4.5263219509	4.224218573
105.2	4.5266297364	4.2242856457
105.3	4.5269375203	4.2243523265
105.4	4.5272453027	4.2244186177
105.5	4.5275530836	4.2244845219
105.6	4.5278616258	4.2245472226
105.7	4.5281694036	4.2246123639
105.8	4.52847718	4.2246771258
105.9	4.5287849547	4.2247415108
106	4.529092728	4.2248055211
106.1	4.5294004998	4.2248691594
106.2	4.5297075072	4.2249352259
106.3	4.530015276	4.2249981237
106.4	4.5303230433	4.2250606567
106.5	4.5306308091	4.2251228271
106.6	4.5309385734	4.2251846374
106.7	4.5312455734	4.2252488702
106.8	4.5315533347	4.2253099637
106.9	4.5318610947	4.225370704
107	4.5321688531	4.2254310933
107.1	4.5324758472	4.2254939006
107.2	4.5327836028	4.2255535915
107.3	4.5330905939	4.225615698
107.4	4.5333983466	4.2256746995
107.5	4.5337053349	4.2257361141
107.6	4.5340130847	4.225794435
107.7	4.5343200701	4.2258551666
107.8	4.534627817	4.2259128157
107.9	4.5349347996	4.225972873
108	4.5352417807	4.2260325947
108.1	4.5355495234	4.2260892506
108.2	4.5358565017	4.2261483109
108.3	4.5361634786	4.226207042
108.4	4.536471217	4.2262627237
108.5	4.5367781911	4.2263208059
108.6	4.5370851639	4.2263785652
108.7	4.5373921352	4.2264360036
108.8	4.537699868	4.2264904142
108.9	4.5380068366	4.2265472202
109	4.5383138038	4.2266037113
109.1	4.5386207696	4.2266598896
109.2	4.538927734	4.2267157571
109.3	4.539234697	4.2267713157
109.4	4.5395416587	4.2268265674
109.5	4.5398486191	4.2268815141
109.6	4.540155578	4.2269361578
109.7	4.5404625356	4.2269905004
109.8	4.5407694919	4.2270445439
109.9	4.5410764468	4.22709829
110	4.5413834004	4.2271517407
110.1	4.5416903527	4.2272048979
110.2	4.5419973036	4.2272577634
110.3	4.5423042532	4.227310339
110.4	4.5426112015	4.2273626267
110.5	4.5429181484	4.2274146281
110.6	4.5432243311	4.2274689952
110.7	4.5435312754	4.2275204265
110.8	4.5438382184	4.227571577
110.9	4.5441451601	4.2276224485
111	4.5444521005	4.2276730428
111.1	4.5447582767	4.2277259955
111.2	4.5450652145	4.2277760373
111.3	4.545372151	4.2278258071
111.4	4.5456790862	4.2278753066
111.5	4.5459852572	4.2279271587
111.6	4.5462921898	4.2279761195
111.7	4.5465991212	4.228024815
111.8	4.5469052884	4.2280758588
111.9	4.5472122172	4.2281240257
112	4.5475191448	4.2281719323
112.1	4.5478253081	4.2282221828
112.2	4.5481322331	4.2282695707
112.3	4.5484391569	4.2283167033
112.4	4.5487453165	4.2283661751
112.5	4.5490522378	4.2284127986
112.6	4.5493591578	4.2284591714
112.7	4.5496653137	4.2285078791
112.8	4.5499722312	4.2285537524
112.9	4.5502783846	4.2286019575
113	4.5505852997	4.2286473375
113.1	4.5508914506	4.2286950462
113.2	4.5511983632	4.2287399389
113.3	4.5515052746	4.2287845918
113.4	4.5518114218	4.2288315689
113.5	4.5521183308	4.2288757437
113.6	4.5524244756	4.2289222395
113.7	4.5527313821	4.2289659421
113.8	4.5530375245	4.2290119626
113.9	4.5533444287	4.2290551989
114	4.5536505687	4.22910075
114.1	4.5539574704	4.2291435257
114.2	4.554263608	4.2291886131
114.3	4.5545705073	4.2292309339
114.4	4.5548766425	4.2292755633
114.5	4.5551835395	4.229317435
114.6	4.5554896724	4.229361612
114.7	4.555796567	4.22940304
114.8	4.5561034604	4.2294442497
114.9	4.5564095898	4.2294877601
115	4.5567164809	4.2295285343
115.1	4.5570226079	4.229571606
115.2	4.5573294967	4.2296119502
115.3	4.5576356214	4.2296545887
115.4	4.5579425078	4.2296945081
115.5	4.5582486302	4.2297367186
115.6	4.5585555144	4.2297762186
115.7	4.5588616345	4.2298180063
115.8	4.5591685163	4.229857092
115.9	4.5594746341	4.2298984622
116	4.5597815137	4.2299371386
116.1	4.5600876292	4.2299780963
116.2	4.5603945066	4.2300163685
116.3	4.5607006198	4.2300569188
116.4	4.5610074949	4.2300947919
116.5	4.5613136059	4.2301349397
116.6	4.5616204787	4.2301724185
116.7	4.5619273505	4.2302097033
116.8	4.5622334581	4.230249258
116.9	4.5625403276	4.2302861558
117	4.5628464331	4.2303253201
117.1	4.5631533004	4.2303618357
117.2	4.5634594036	4.2304006144
117.3	4.5637662687	4.2304367523
117.4	4.5640731326	4.2304727046
117.5	4.5643792326	4.2305109151
117.6	4.5646860944	4.2305464967
117.7	4.5649921922	4.2305843332
117.8	4.5652990518	4.2306195487
117.9	4.5656059103	4.2306545841
118	4.5659120048	4.2306918695
118.1	4.5662188612	4.2307265456
118.2	4.5665257165	4.2307610449
118.3	4.5668318078	4.2307977891
118.4	4.567138661	4.2308319356
118.5	4.5674455131	4.2308659087
118.6	4.5677523642	4.2308997093
118.7	4.5680584512	4.2309357482
118.8	4.5683653001	4.2309692046
118.9	4.568672148	4.2310024917
119	4.5689782319	4.231038012
119.1	4.5692850776	4.2310709612
119.2	4.5695919224	4.2311037442
119.3	4.569898766	4.2311363622
119.4	4.5702056087	4.2311688161
119.5	4.5705116873	4.2312034946
119.6	4.5708185279	4.2312356207
119.7	4.5711253674	4.2312675858
119.8	4.5714322059	4.2312993907
119.9	4.5717390434	4.2313310366
120	4.5720458798	4.2313625243
120.1	4.5723527152	4.2313938548
120.2	4.5726595496	4.2314250292
120.3	4.572966383	4.2314560483
120.4	4.5732732154	4.2314869132
120.5	4.5735800468	4.2315176247
120.6	4.5738861142	4.2315505421
120.7	4.5741929435	4.2315809471
120.8	4.5745005348	4.2316088486
120.9	4.5748073621	4.231638956
121	4.5751141884	4.2316689148
121.1	4.5754210137	4.2316987257
121.2	4.5757278381	4.2317283898
121.3	4.5760346614	4.2317579079
121.4	4.5763414838	4.2317872808
121.5	4.5766483051	4.2318165095
121.6	4.5769551255	4.2318455949
121.7	4.5772627078	4.2318722084
121.8	4.5775695263	4.2319010123
121.9	4.5778763437	4.2319296755
122	4.5781831602	4.2319581987
122.1	4.5784899756	4.231986583
122.2	4.5787975531	4.2320125125
122.3	4.5791043666	4.2320406238
122.4	4.5794111792	4.2320685986
122.5	4.5797187538	4.2320941288
122.6	4.5800255644	4.2321218356
122.7	4.5803323741	4.2321494084
122.8	4.5806399458	4.2321745467
122.9	4.5809467536	4.2322018564
123	4.5812543233	4.2322267383
123.1	4.5815611292	4.2322537881
123.2	4.5818686971	4.2322784168
123.3	4.5821755011	4.2323052099
123.4	4.5824830671	4.2323295885
123.5	4.5827898692	4.232356128
123.6	4.5830974333	4.2323802595
123.7	4.5834049964	4.2324042699
123.8	4.5837117958	4.232430436
123.9	4.5840193571	4.232454204
124	4.5843269174	4.2324778531
124.1	4.5846337139	4.2325036526
124.2	4.5849412725	4.2325270637
124.3	4.5852488301	4.2325503581
124.4	4.5855563868	4.2325735366
124.5	4.5858631796	4.2325988586
124.6	4.5861707344	4.2326218049
124.7	4.5864782884	4.2326446374
124.8	4.5867858414	4.2326673569
124.9	4.5870933935	4.2326899639
125	4.5874009447	4.2327124593
125.1	4.587708495	4.2327348438
125.2	4.5880160444	4.2327571179
125.3	4.5883235929	4.2327792824
125.4	4.5886311405	4.232801338
125.5	4.5889386872	4.2328232853
125.6	4.589246233	4.2328451251
125.7	4.5895537779	4.2328668579
125.8	4.5898620849	4.2328862575
125.9	4.5901696281	4.2329077809
126	4.5904771703	4.2329291994
126.1	4.5907847117	4.2329505136
126.2	4.5910930151	4.2329695067
126.3	4.5914005547	4.2329906167
126.4	4.5917080935	4.2330116243
126.5	4.5920163943	4.2330303199
126.6	4.5923239312	4.233051127
126.7	4.5926322303	4.2330696282
126.8	4.5929397655	4.2330902375
126.9	4.5932480629	4.2331085467
127	4.5935555964	4.2331289604
127.1	4.593863892	4.2331470801
127.2	4.5941714238	4.2331673008
127.3	4.5944797176	4.2331852334
127.4	4.5947880106	4.2332030744
127.5	4.5950955399	4.2332230112
127.6	4.5954038312	4.2332406687
127.7	4.5957121216	4.2332582364
127.8	4.5960204112	4.2332757149
127.9	4.5963287	4.2332931049
128	4.596636225	4.2333125818
128.1	4.596944512	4.2333297939
128.2	4.5972527983	4.2333469191
128.3	4.5975610836	4.2333639579
128.4	4.5978693682	4.2333809109
128.5	4.5981776519	4.2333977787
128.6	4.5984859348	4.2334145618
128.7	4.5987949798	4.2334291018
128.8	4.599103261	4.2334457194
128.9	4.5994115414	4.2334622539
129	4.599719821	4.2334787058
129.1	4.6000280997	4.2334950757
129.2	4.6003371406	4.2335092166
129.3	4.6006454177	4.2335254263
129.4	4.600953694	4.2335415556
129.5	4.6012627324	4.2335554642
129.6	4.601571007	4.2335714363
129.7	4.6018800438	4.2335851933
129.8	4.6021883169	4.2336010104
129.9	4.602497352	4.2336146178
130	4.6028063864	4.2336281523
130.1	4.603114657	4.2336437416
130.2	4.6034236897	4.2336571295
130.3	4.6037327217	4.2336704458
130.4	4.6040409899	4.2336858118
130.5	4.6043500203	4.2336989845
130.6	4.6046590498	4.2337120871
130.7	4.6049680786	4.2337251202
130.8	4.6052771065	4.2337380841
130.9	4.6055861337	4.2337509795
131	4.6058951601	4.2337638066
131.1	4.6062041857	4.233776566
131.2	4.6065132105	4.2337892582
131.3	4.6068222346	4.2338018835
131.4	4.6071312578	4.2338144425
131.5	4.6074402803	4.2338269356
131.6	4.6077500649	4.233837269
131.7	4.6080590859	4.2338496337
131.8	4.608368106	4.2338619339
131.9	4.6086778883	4.2338720822
132	4.6089869069	4.2338842566
132.1	4.6092959247	4.2338963678
132.2	4.6096057047	4.2339063349
132.3	4.609914721	4.2339183229
132.4	4.6102244995	4.233928172
132.5	4.6105342772	4.2339379638
132.6	4.6108432912	4.2339497713
132.7	4.6111530674	4.2339594475
132.8	4.6114628428	4.2339690677
132.9	4.6117718546	4.2339806984
133	4.6120816285	4.2339902055
133.1	4.6123914016	4.2339996577
133.2	4.6127011741	4.2340090553
133.3	4.6130109457	4.2340183989
133.4	4.6133207166	4.2340276888
133.5	4.6136304868	4.2340369253
133.6	4.6139402562	4.2340461089
133.7	4.6142500249	4.2340552399
133.8	4.6145605558	4.2340622715
133.9	4.614870323	4.2340713006
134	4.6151800895	4.2340802783
134.1	4.6154898552	4.2340892049
134.2	4.6158003831	4.234096042
134.3	4.6161101474	4.2341048696
134.4	4.6164206739	4.2341116127
134.5	4.6167304367	4.2341203428
134.6	4.6170409617	4.2341269932
134.7	4.617350723	4.2341356273
134.8	4.6176612466	4.2341421865
134.9	4.6179717694	4.2341487016
135	4.6182822916	4.234155173
135.1	4.61859205	4.2341636212
135.2	4.6189025707	4.2341700041
135.3	4.6192130907	4.2341763444
135.4	4.6195236099	4.2341826422
135.5	4.6198341284	4.2341888981
135.6	4.6201446462	4.2341951122
135.7	4.6204551634	4.234201285
135.8	4.6207656798	4.2342074167
135.9	4.6210769584	4.2342115038
136	4.6213874734	4.2342175564
136.1	4.6216979877	4.234223569
136.2	4.6220085012	4.2342295418
136.3	4.622319777	4.2342334793
136.4	4.6226302892	4.2342393755
136.5	4.6229415636	4.2342432411
136.6	4.6232520744	4.234249062
136.7	4.6235633474	4.2342528568
136.8	4.6238738568	4.2342586036
136.9	4.6241851285	4.234262329
137	4.6244963994	4.2342660211
137.1	4.6248076696	4.2342696801
137.2	4.6251181763	4.2342752843
137.3	4.6254294451	4.2342788762
137.4	4.6257407133	4.234282436
137.5	4.6260519808	4.2342859639
137.6	4.6263632477	4.2342894602
137.7	4.6266745138	4.2342929253
137.8	4.6269865422	4.2342943933
137.9	4.627297807	4.2342977985
138	4.6276090711	4.2343011732
138.1	4.6279203345	4.2343045178
138.2	4.6282323602	4.2343058743
138.3	4.6285436223	4.2343091613
138.4	4.6288556467	4.2343104646
138.5	4.6291669074	4.234313695
138.6	4.6294789305	4.2343149462
138.7	4.6297901899	4.2343181212
138.8	4.6301022116	4.2343193213
138.9	4.6304142326	4.2343204972
139	4.6307262529	4.2343216492
139.1	4.6310375097	4.2343247182
139.2	4.6313495287	4.2343258211
139.3	4.6316615471	4.2343269009
139.4	4.6319735648	4.2343279577
139.5	4.6322855819	4.2343289917
139.6	4.6325975983	4.2343300034
139.7	4.632910377	4.2343290635
139.8	4.6332223921	4.2343300329
139.9	4.6335344066	4.2343309805
140	4.6338464204	4.2343319066
140.1	4.6341591965	4.2343308897
140.2	4.634471209	4.2343317754
140.3	4.6347839838	4.2343307224
140.4	4.635095995	4.2343315686
140.5	4.6354087685	4.2343304803
140.6	4.6357215414	4.2343293757
140.7	4.6360335507	4.2343301653
140.8	4.6363463223	4.2343290268
140.9	4.6366590933	4.2343278725
141	4.6369718636	4.2343267028
141.1	4.6372846333	4.2343255177
141.2	4.6375974024	4.2343243176
141.3	4.6379101708	4.2343231027
141.4	4.6382229386	4.2343218731
141.5	4.6385357058	4.2343206291
141.6	4.6388492353	4.2343174773
141.7	4.6391620012	4.2343162069
141.8	4.6394747665	4.2343149227
141.9	4.6397882941	4.2343117367
142	4.6401010581	4.2343104273
142.1	4.6404145845	4.2343072203
142.2	4.6407273473	4.2343058865
142.3	4.6410408724	4.2343026592
142.4	4.6413543969	4.2342994228
142.5	4.6416671579	4.2342980548
142.6	4.6419806812	4.2342947993
142.7	4.6422942038	4.2342915354
142.8	4.6426077259	4.2342882633
142.9	4.6429212473	4.2342849832
143	4.6432347681	4.2342816952
143.1	4.6435482883	4.2342783995
143.2	4.6438625709	4.2342732319
143.3	4.6441760899	4.2342699232
143.4	4.6444896083	4.2342666074
143.5	4.644803889	4.2342614256
143.6	4.6451174062	4.2342580979
143.7	4.6454309228	4.2342547636
143.8	4.6457452017	4.2342495691
143.9	4.6460594801	4.234244372
144	4.6463729949	4.2342410224
144.1	4.646687272	4.2342358187
144.2	4.6470015485	4.2342306127
144.3	4.6473158245	4.2342254046
144.4	4.6476300998	4.2342201947
144.5	4.6479443746	4.2342149831
144.6	4.6482586487	4.2342097699
144.7	4.6485729223	4.2342045554
144.8	4.6488871953	4.2341993395
144.9	4.6492014677	4.2341941226
145	4.6495165025	4.2341870724
145.1	4.6498307737	4.2341818555
145.2	4.6501450443	4.234176638
145.3	4.6504600773	4.2341695928
145.4	4.6507743468	4.2341643763
145.5	4.6510893787	4.2341573358
145.6	4.6514044099	4.2341502988
145.7	4.6517194406	4.2341432654
145.8	4.6520337078	4.2341380543
145.9	4.6523487373	4.2341310267
146	4.6526637663	4.2341240032
146.1	4.6529787946	4.2341169838
146.2	4.6532938225	4.2341099687
146.3	4.6536088497	4.234102958
146.4	4.6539246393	4.2340941437
146.5	4.6542396654	4.2340871439
146.6	4.6545546909	4.234080149
146.7	4.6548704788	4.234071356
146.8	4.6551855032	4.2340643728
146.9	4.65550129	4.2340555952
147	4.6558163133	4.2340486242
147.1	4.6561320989	4.2340398625
147.2	4.6564471211	4.2340329044
147.3	4.6567629056	4.2340241591
147.4	4.6570786895	4.234015423
147.5	4.657394473	4.2340066963
147.6	4.6577102558	4.2339979791
147.7	4.6580260381	4.2339892714
147.8	4.6583418198	4.2339805735
147.9	4.658657601	4.2339718853
148	4.6589741446	4.2339614261
148.1	4.6592899247	4.2339527596
148.2	4.6596057042	4.2339441033
148.3	4.6599222461	4.2339336812
148.4	4.6602380246	4.2339250473
148.5	4.6605545654	4.2339146511
148.6	4.6608711057	4.2339042688
148.7	4.6611868825	4.23389567
148.8	4.6615034216	4.2338853143
148.9	4.6618199603	4.2338749728
149	4.6621364984	4.2338646456
149.1	4.6624530359	4.2338543329
149.2	4.662769573	4.2338440348
149.3	4.6630861095	4.2338337513
149.4	4.6634026454	4.2338234826
149.5	4.6637191808	4.2338132287
149.6	4.6640364786	4.2338012351
149.7	4.664353013	4.2337910129
149.8	4.6646703097	4.2337790544
149.9	4.664986843	4.2337688641
150	4.6653041386	4.2337569411
150.1	4.6656206708	4.2337467832
150.2	4.6659379655	4.233734896
150.3	4.6662552595	4.2337230277
150.4	4.6665725531	4.2337111783
150.5	4.6668898461	4.2336993479
150.6	4.6672071386	4.2336875366
150.7	4.6675244306	4.2336757445
150.8	4.6678417221	4.2336639718
150.9	4.668159013	4.2336522183
151	4.6684770664	4.2336387524
151.1	4.6687943563	4.2336270396
151.2	4.6691124086	4.2336136176
151.3	4.6694296974	4.2336019456
151.4	4.6697477487	4.2335885679
151.5	4.6700650365	4.2335769372
151.6	4.6703830868	4.2335636041
151.7	4.6707011365	4.2335502941
151.8	4.6710191857	4.2335370074
151.9	4.6713372344	4.233523744
152	4.6716552826	4.2335105041
152.1	4.6719733303	4.2334972876
152.2	4.6722913774	4.2334840947
152.3	4.6726094241	4.2334709254
152.4	4.6729274702	4.2334577798
152.5	4.6732462788	4.2334429497
152.6	4.6735643239	4.2334298533
152.7	4.6738831315	4.2334150757
152.8	4.6742011756	4.2334020288
152.9	4.6745199822	4.2333873038
153	4.6748387882	4.2333726062
153.1	4.6751575938	4.2333579358
153.2	4.6754756359	4.23334499
153.3	4.6757944405	4.2333303728
153.4	4.6761132445	4.2333157831
153.5	4.6764320481	4.2333012209
153.6	4.6767516141	4.2332849952
153.7	4.6770704166	4.2332704898
153.8	4.6773892187	4.233256012
153.9	4.6777087832	4.2332398756
154	4.6780275843	4.233225455
154.1	4.6783471478	4.2332093788
154.2	4.6786659479	4.2331950156
154.3	4.6789855105	4.2331789999
154.4	4.6793050725	4.2331630154
154.5	4.6796238711	4.2331487393
154.6	4.6799434322	4.2331328156
154.7	4.6802629928	4.2331169231
154.8	4.6805825529	4.233101062
154.9	4.6809028754	4.2330835608
155	4.6812224346	4.2330677639
155.1	4.6815419932	4.2330519985
155.2	4.6818615514	4.2330362645
155.3	4.682181872	4.2330188968
155.4	4.6825014292	4.2330032275
155.5	4.6828217489	4.2329859276
155.6	4.6831420681	4.2329686623
155.7	4.6834616238	4.232953091
155.8	4.683781942	4.2329358937
155.9	4.6841022598	4.2329187313
156	4.6844225771	4.2329016037
156.1	4.6847428939	4.2328845109
156.2	4.6850632102	4.2328674531
156.3	4.685383526	4.2328504303
156.4	4.6857038414	4.2328334424
156.5	4.6860249192	4.2328148423
156.6	4.6863452337	4.232797926
156.7	4.6866663106	4.2327794005
156.8	4.6869866241	4.232762556
156.9	4.6873077	4.2327441052
157	4.6876287755	4.2327256926
157.1	4.6879490876	4.2327089568
157.2	4.6882701622	4.2326906192
157.3	4.6885912363	4.2326723198
157.4	4.6889123099	4.2326540587
157.5	4.6892333831	4.232635836
157.6	4.6895544558	4.2326176516
157.7	4.689876291	4.2325978759
157.8	4.6901973628	4.2325797698
157.9	4.6905184341	4.2325617021
158	4.6908402679	4.2325420475
158.1	4.6911621013	4.2325224343
158.2	4.6914831712	4.232504485
158.3	4.6918050037	4.2324849532
158.4	4.6921268356	4.2324654629
158.5	4.6924486672	4.2324460141
158.6	4.6927697353	4.2324282236
158.7	4.6930923289	4.2324072411
158.8	4.693414159	4.2323879169
158.9	4.6937359887	4.2323686343
159	4.694057818	4.2323493933
159.1	4.6943796468	4.232330194
159.2	4.6947022381	4.2323094281
159.3	4.695024066	4.2322903136
159.4	4.6953466564	4.2322696353
159.5	4.6956692464	4.2322490017
159.6	4.6959910729	4.2322300151
159.7	4.696313662	4.2322094692
159.8	4.6966362506	4.2321889679
159.9	4.6969588388	4.2321685112
160	4.6972814265	4.2321480992
160.1	4.6976040138	4.2321277318
160.2	4.6979266007	4.2321074091
160.3	4.69824995	4.2320855384
160.4	4.698572536	4.2320653065
160.5	4.6988958844	4.2320435295
160.6	4.6992184695	4.2320233884
160.7	4.6995418171	4.232001705
160.8	4.6998644013	4.2319816549
160.9	4.700187748	4.2319600652
161	4.7005110943	4.2319385232
161.1	4.7008344402	4.2319170287
161.2	4.7011577856	4.2318955817
161.3	4.7014811305	4.2318741824
161.4	4.7018044751	4.2318528307
161.5	4.7021278192	4.2318315266
161.6	4.7024519258	4.2318086956
161.7	4.7027752691	4.2317874881
161.8	4.7030993748	4.2317647565
161.9	4.7034227172	4.2317436457
162	4.7037468221	4.2317210135
162.1	4.7040709266	4.2316984317
162.2	4.7043942677	4.2316774666
162.3	4.7047183713	4.2316549843
162.4	4.7050424745	4.2316325524
162.5	4.7053665773	4.2316101709
162.6	4.7056914425	4.2315862789
162.7	4.7060155445	4.2315639996
162.8	4.706339646	4.2315417707
162.9	4.70666451	4.2315180354
163	4.7069886106	4.2314959088
163.1	4.7073134738	4.2314722784
163.2	4.7076375736	4.231450254
163.3	4.707962436	4.2314267286
163.4	4.7082872979	4.2314032563
163.5	4.7086121594	4.2313798372
163.6	4.7089370205	4.2313564712
163.7	4.7092618812	4.2313331583
163.8	4.7095867414	4.2313098986
163.9	4.7099116012	4.231286692
164	4.7102364607	4.2312635385
164.1	4.7105620826	4.2312388974
164.2	4.7108869412	4.2312158515
164.3	4.7112125623	4.2311913206
164.4	4.7115374201	4.2311683822
164.5	4.7118630404	4.2311439616
164.6	4.7121886603	4.2311195967
164.7	4.7125142798	4.2310952876
164.8	4.7128398989	4.2310710342
164.9	4.7131655175	4.2310468365
165	4.7134911358	4.2310226946
165.1	4.7138167537	4.2309986084
165.2	4.7141423711	4.2309745779
165.3	4.7144687511	4.2309490783
165.4	4.7147943677	4.2309251605
165.5	4.7151207469	4.2308997762
165.6	4.7154463627	4.2308759712
165.7	4.7157727411	4.2308507021
165.8	4.716099119	4.2308254914
165.9	4.7164254966	4.2308003389
166	4.7167518738	4.2307752447
166.1	4.7170782505	4.2307502087
166.2	4.7174046269	4.230725231
166.3	4.7177310029	4.2307003115
166.4	4.7180573784	4.2306754502
166.5	4.7183845165	4.2306491379
166.6	4.7187108913	4.2306243943
166.7	4.7190380286	4.2305982022
166.8	4.7193644026	4.2305735762
166.9	4.7196915391	4.2305475043
167	4.7200186753	4.2305214931
167.1	4.720345811	4.2304955426
167.2	4.7206729464	4.2304696527
167.3	4.7210000813	4.2304438235
167.4	4.7213272159	4.230418055
167.5	4.72165435	4.2303923471
167.6	4.7219822468	4.2303652047
167.7	4.7223093802	4.2303396193
167.8	4.7226372761	4.2303126018
167.9	4.7229644087	4.2302871389
168	4.7232923039	4.2302602464
168.1	4.7236201987	4.2302334169
168.2	4.7239473301	4.2302081382
168.3	4.7242752241	4.2301814335
168.4	4.7246031177	4.230154792
168.5	4.724931011	4.2301282134
168.6	4.7252596668	4.2301002152
168.7	4.7255875592	4.2300737638
168.8	4.7259154513	4.2300473753
168.9	4.726244106	4.230019571
169	4.7265719973	4.2299933096
169.1	4.7269006512	4.2299656348
169.2	4.7272293047	4.2299380254
169.3	4.7275571949	4.2299119551
169.4	4.7278858476	4.2298844751
169.5	4.7282145	4.2298570604
169.6	4.7285431519	4.2298297109
169.7	4.7288718035	4.2298024267
169.8	4.7292012177	4.2297737401
169.9	4.7295298686	4.2297465876
170	4.7298585191	4.2297195002
170.1	4.7301879321	4.2296910141
170.2	4.7305165818	4.2296640583
170.3	4.7308459941	4.2296357061
170.4	4.731175406	4.2296074215
170.5	4.7315048176	4.2295792044
170.6	4.7318342288	4.2295510548
170.7	4.7321636396	4.2295229727
170.8	4.73249305	4.229494958
170.9	4.7328224601	4.2294670108
171	4.7331518698	4.2294391309
171.1	4.7334812791	4.2294113185
171.2	4.733811451	4.2293821229
171.3	4.7341408596	4.2293544463
171.4	4.7344710308	4.229325389
171.5	4.7348012016	4.2292964014
171.6	4.735131372	4.2292674835
171.7	4.7354607791	4.2292400796
171.8	4.7357909488	4.2292112997
171.9	4.7361218811	4.2291811473
172	4.7364520501	4.2291525078
172.1	4.7367822187	4.2291239378
172.2	4.7371123869	4.2290954373
172.3	4.7374433177	4.229065569
172.4	4.7377734852	4.2290372086
172.5	4.7381044153	4.2290074828
172.6	4.7384345821	4.2289792624
172.7	4.7387655115	4.228949679
172.8	4.7390964405	4.2289201672
172.9	4.7394273692	4.2288907272
173	4.7397582975	4.2288613588
173.1	4.7400892254	4.228832062
173.2	4.740420153	4.2288028369
173.3	4.7407518432	4.228772258
173.4	4.7410827701	4.2287431771
173.5	4.7414144595	4.2287127448
173.6	4.7417453857	4.2286838081
173.7	4.7420770744	4.2286535222
173.8	4.7424087628	4.2286233102
173.9	4.7427404509	4.2285931718
174	4.7430713756	4.2285645243
174.1	4.743403063	4.2285345321
174.2	4.7437355129	4.2285031989
174.3	4.7440671995	4.2284733552
174.4	4.7443988858	4.2284435851
174.5	4.7447305717	4.2284138885
174.6	4.7450630202	4.2283828554
174.7	4.7453954684	4.228351898
174.8	4.7457271533	4.2283224242
174.9	4.7460596008	4.2282916173
175	4.7463920479	4.228260886
175.1	4.7467244947	4.2282302304
175.2	4.7470569411	4.2281996504
175.3	4.7473893872	4.228169146
175.4	4.7477218329	4.2281387172
175.5	4.7480542783	4.228108364
175.6	4.7483874863	4.2280766877
175.7	4.748719931	4.2280464865
175.8	4.7490531383	4.2280149646
175.9	4.7493855824	4.2279849154
176	4.749718789	4.2279535476
176.1	4.7500519953	4.2279222575
176.2	4.7503852012	4.227891045
176.3	4.7507184068	4.22785991
176.4	4.751051612	4.2278288525
176.5	4.751384817	4.2277978724
176.6	4.7517180215	4.2277669698
176.7	4.7520519887	4.2277347587
176.8	4.7523851926	4.227704012
176.9	4.7527191591	4.2276719589
177	4.7530523623	4.227641368
177.1	4.7533863282	4.2276094729
177.2	4.7537202936	4.2275776573
177.3	4.7540542588	4.2275459211
177.4	4.7543882236	4.2275142643
177.5	4.7547221881	4.2274826868
177.6	4.7550561522	4.2274511887
177.7	4.755390879	4.2274183952
177.8	4.7557248425	4.2273870568
177.9	4.7560588056	4.2273557976
178	4.7563935314	4.2273232462
178.1	4.7567282568	4.2272907762
178.2	4.7570622189	4.2272597567
178.3	4.7573969437	4.2272274482
178.4	4.7577316681	4.2271952209
178.5	4.7580663922	4.2271630749
178.6	4.758401116	4.2271310101
178.7	4.7587366024	4.2270976628
178.8	4.7590713255	4.2270657613
178.9	4.7594060483	4.2270339409
179	4.7597415337	4.2270008413
179.1	4.7600762558	4.2269691839
179.2	4.7604117405	4.2269362495
179.3	4.7607472249	4.2269033982
179.4	4.761082709	4.22687063
179.5	4.7614181928	4.2268379447
179.6	4.7617536762	4.2268053425
179.7	4.7620891594	4.2267728232
179.8	4.7624246421	4.2267403868
179.9	4.7627601246	4.2267080333
180	4.7630963697	4.2266744133
180.1	4.7634318515	4.2266422265
180.2	4.763768096	4.2266087753
180.3	4.7641043401	4.226575409
180.4	4.7644398209	4.2265434725
180.5	4.7647760644	4.2265102748
180.6	4.7651123076	4.2264771618
180.7	4.7654485504	4.2264441335
180.8	4.7657847929	4.2264111899
180.9	4.766121798	4.2263769914
181	4.7664580399	4.2263442181
181.1	4.7667942815	4.2263115293
181.2	4.7671312857	4.2262775888
181.3	4.7674682895	4.2262437349
181.4	4.7678045301	4.2262113017
181.5	4.7681415334	4.2261776198
181.6	4.7684785363	4.2261440243
181.7	4.7688155389	4.2261105154
181.8	4.7691525412	4.2260770928
181.9	4.7694895431	4.2260437566
182	4.7698273077	4.226009179
182.1	4.7701643091	4.2259760165
182.2	4.7705013101	4.2259429402
182.3	4.7708390738	4.2259086255
182.4	4.7711768371	4.2258743991
182.5	4.7715138372	4.2258415834
182.6	4.7718515999	4.2258075323
182.7	4.7721893623	4.2257735694
182.8	4.7725271244	4.2257396947
182.9	4.7728648862	4.2257059079
183	4.7732034106	4.225670892
183.1	4.7735411718	4.2256372823
183.2	4.7738789327	4.2256037605
183.3	4.7742174562	4.2255690126
183.4	4.7745552164	4.2255356676
183.5	4.7748937393	4.2255010985
183.6	4.7752322619	4.2254666193
183.7	4.7755707841	4.2254322298
183.8	4.7759093061	4.2253979301
183.9	4.7762478277	4.2253637201
184	4.7765863491	4.2253295998
184.1	4.7769248701	4.2252955691
184.2	4.7772641538	4.2252603234
184.3	4.7776026742	4.2252264729
184.4	4.7779419573	4.2251914094
184.5	4.7782804771	4.2251577388
184.6	4.7786197596	4.2251228573
184.7	4.7789590418	4.2250880671
184.8	4.7792983236	4.2250533684
184.9	4.7796376052	4.225018761
185	4.7799768864	4.2249842448
185.1	4.7803161674	4.22494982
185.2	4.780655448	4.2249154864
185.3	4.7809954913	4.2248799506
185.4	4.7813347714	4.2248458003
185.5	4.7816748141	4.2248104499
185.6	4.7820140935	4.2247764827
185.7	4.7823541356	4.2247413174
185.8	4.7826941774	4.224706245
185.9	4.7830342189	4.2246712656
186	4.7833742601	4.2246363791
186.1	4.783714301	4.2246015855
186.2	4.7840551046	4.2245656006
186.3	4.7843951449	4.2245309935
186.4	4.7847351849	4.2244964792
186.5	4.7850759876	4.2244607765
186.6	4.7854167899	4.2244251685
186.7	4.7857568291	4.2243909341
186.8	4.7860976308	4.2243555143
186.9	4.7864384323	4.2243201889
187	4.7867792335	4.224284958
187.1	4.7871200344	4.2242498216
187.2	4.787460835	4.2242147795
187.3	4.7878023983	4.2241785589
187.4	4.7881431983	4.2241437064
187.5	4.788484761	4.2241076773
187.6	4.7888255604	4.2240730143
187.7	4.7891671225	4.2240371765
187.8	4.7895086843	4.2240014348
187.9	4.7898502458	4.2239657892
188	4.790191807	4.2239302396
188.1	4.7905333679	4.223894786
188.2	4.7908749286	4.2238594282
188.3	4.7912164889	4.2238241664
188.4	4.791558049	4.2237890004
188.5	4.7919003717	4.2237526692
188.6	4.7922419312	4.2237176957
188.7	4.7925842533	4.2236815589
188.8	4.7929265752	4.2236455198
188.9	4.7932688968	4.2236095782
189	4.793611218	4.2235737341
189.1	4.793953539	4.2235379875
189.2	4.7942958597	4.2235023384
189.3	4.7946381802	4.2234667867
189.4	4.7949805003	4.2234313323
189.5	4.7953235831	4.223394724
189.6	4.7956659027	4.2233594652
189.7	4.7960089849	4.2233230544
189.8	4.7963520669	4.2232867426
189.9	4.7966943856	4.2232517773
190	4.797037467	4.2232156627
190.1	4.7973805481	4.2231796471
190.2	4.7977236289	4.2231437305
190.3	4.7980674724	4.2231066693
190.4	4.7984105526	4.2230709514
190.5	4.7987536326	4.2230353322
190.6	4.7990974752	4.2229985714
190.7	4.7994405546	4.2229631507
190.8	4.7997843967	4.2229265901
190.9	4.8001282385	4.22289013
191	4.80047208	4.2228537705
191.1	4.8008159213	4.2228175114
191.2	4.8011597622	4.2227813528
191.3	4.8015036029	4.2227452945
191.4	4.8018474433	4.2227093365
191.5	4.8021920464	4.2226722469
191.6	4.8025358863	4.2226364904
191.7	4.8028804888	4.2225996042
191.8	4.8032243281	4.2225640489
191.9	4.8035689301	4.2225273657
192	4.8039135317	4.2224907845
192.1	4.8042581332	4.2224543052
192.2	4.8046027343	4.2224179278
192.3	4.8049473352	4.2223816522
192.4	4.8052919358	4.2223454783
192.5	4.805637299	4.2223081839
192.6	4.8059818991	4.2222722144
192.7	4.8063264989	4.2222363465
192.8	4.8066718613	4.2221993608
192.9	4.8070172235	4.2221624785
193	4.8073625854	4.2221256995
193.1	4.807707947	4.2220890239
193.2	4.8080533083	4.2220524516
193.3	4.8083986694	4.2220159826
193.4	4.8087440302	4.2219796167
193.5	4.8090893908	4.221943354
193.6	4.809435514	4.2219059825
193.7	4.809780874	4.2218699269
193.8	4.8101269967	4.2218327642
193.9	4.8104723561	4.2217969155
194	4.8108184783	4.2217599616
194.1	4.8111646001	4.2217231124
194.2	4.8115107217	4.2216863679
194.3	4.8118568431	4.221649728
194.4	4.8122029641	4.2216131928
194.5	4.8125498479	4.2215755586
194.6	4.8128959684	4.2215392333
194.7	4.8132428516	4.2215018109
194.8	4.8135889716	4.2214656955
194.9	4.8139358543	4.2214284846
195	4.8142827367	4.2213913799
195.1	4.8146288559	4.2213555794
195.2	4.8149757378	4.221318686
195.3	4.8153233823	4.2212807026
195.4	4.8156702637	4.2212440221
195.5	4.8160171448	4.2212074477
195.6	4.8163640256	4.2211709792
195.7	4.8167116691	4.221133424
195.8	4.8170585494	4.2210971681
195.9	4.8174061924	4.2210598272
196	4.8177538351	4.221022594
196.1	4.8181014775	4.2209854683
196.2	4.8184491197	4.22094845
196.3	4.8187967616	4.2209115391
196.4	4.8191444033	4.2208747356
196.5	4.8194920447	4.2208380395
196.6	4.8198396859	4.2208014506
196.7	4.8201880897	4.2207637856
196.8	4.8205357303	4.2207274121
196.9	4.8208841336	4.2206899641
197	4.8212325367	4.2206526251
197.1	4.8215809394	4.220615395
197.2	4.821929342	4.2205782737
197.3	4.8222777442	4.2205412611
197.4	4.8226261463	4.2205043573
197.5	4.822974548	4.2204675622
197.6	4.8233229495	4.2204308757
197.7	4.8236721137	4.2203931235
197.8	4.8240205147	4.220356655
197.9	4.8243696783	4.2203191226
198	4.8247188418	4.2202817003
198.1	4.825067242	4.2202455591
198.2	4.8254164049	4.2202083563
198.3	4.8257655675	4.2201712637
198.4	4.8261147299	4.2201342812
198.5	4.826464655	4.2200962415
198.6	4.8268138168	4.2200594799
198.7	4.8271629785	4.2200228282
198.8	4.8275129028	4.2199851219
198.9	4.8278628268	4.2199475272
199	4.8282119877	4.2199112068
199.1	4.8285619113	4.2198738344
199.2	4.8289118345	4.2198365734
199.3	4.8292617576	4.2197994239
199.4	4.8296116804	4.2197623858
199.5	4.8299616029	4.219725459
199.6	4.8303122882	4.2196874862
199.7	4.8306622102	4.2196507829
199.8	4.8310128949	4.2196130351
199.9	4.8313628165	4.2195765551
200	4.8317135007	4.2195390323
200.1	4.8320641847	4.2195016224
200.2	4.8324148684	4.2194643253
200.3	4.8327655519	4.2194271409
200.4	4.8331162351	4.2193900692
200.5	4.8334669181	4.2193531102
200.6	4.8338176008	4.2193162638
200.7	4.8341690462	4.2192783823
200.8	4.8345197285	4.2192417619
200.9	4.8348711734	4.2192041079
201	4.8352218551	4.2191677134
201.1	4.8355732995	4.2191302869
201.2	4.8359247437	4.2190929745
201.3	4.8362761877	4.2190557762
201.4	4.8366276313	4.2190186919
201.5	4.8369790748	4.2189817216
201.6	4.8373312809	4.2189437252
201.7	4.8376827239	4.2189069836
201.8	4.8380341666	4.2188703558
201.9	4.838386372	4.2188327044
202	4.8387385771	4.2187951685
202.1	4.8390900191	4.2187588836
202.2	4.8394422237	4.2187215777
202.3	4.8397944282	4.218684387
202.4	4.8401466323	4.2186473117
202.5	4.8404995992	4.2186092194
202.6	4.8408518029	4.2185723754
202.7	4.8412040063	4.2185356466
202.8	4.8415569725	4.2184979032
202.9	4.8419091754	4.2184614055
203	4.8422621411	4.2184238948
203.1	4.8426151065	4.2183865009
203.2	4.8429680717	4.2183492235
203.3	4.8433210366	4.2183120629
203.4	4.8436740013	4.2182750187
203.5	4.8440269658	4.2182380912
203.6	4.84437993	4.2182012801
203.7	4.8447328939	4.2181645854
203.8	4.8450866206	4.218126886
203.9	4.8454395841	4.218090425
204	4.8457933103	4.2180529608
204.1	4.8461470362	4.2180156146
204.2	4.8465007619	4.2179783863
204.3	4.8468544874	4.2179412759
204.4	4.8472082126	4.2179042834
204.5	4.8475619376	4.2178674086
204.6	4.8479156624	4.2178306516
204.7	4.8482701498	4.2177928987
204.8	4.8486238741	4.2177563779
204.9	4.8489783611	4.2177188628
205	4.8493320849	4.2176825781
205.1	4.8496865714	4.2176453007
205.2	4.8500410576	4.2176081424
205.3	4.8503955437	4.2175711033
205.4	4.8507500295	4.2175341833
205.5	4.851104515	4.2174973824
205.6	4.8514590003	4.2174607004
205.7	4.8518142484	4.2174230322
205.8	4.8521687332	4.2173865889
205.9	4.8525239808	4.217349161
206	4.8528784651	4.2173129564
206.1	4.8532337122	4.2172757686
206.2	4.8535889591	4.2172387012
206.3	4.8539442057	4.2172017542
206.4	4.8542994521	4.2171649276
206.5	4.8546546982	4.2171282212
206.6	4.8550099441	4.2170916351
206.7	4.8553659527	4.2170540723
206.8	4.8557211982	4.2170177274
206.9	4.8560772063	4.2169804073
207	4.8564324513	4.2169443035
207.1	4.856788459	4.216907226
207.2	4.8571444665	4.2168702702
207.3	4.8575004737	4.216833436
207.4	4.8578564807	4.2167967234
207.5	4.8582124874	4.2167601323
207.6	4.858568494	4.2167236627
207.7	4.8589252632	4.2166862258
207.8	4.8592812693	4.2166499998
207.9	4.8596380381	4.2166128081
208	4.8599940437	4.2165768257
208.1	4.860350812	4.2165398791
208.2	4.8607075801	4.2165030553
208.3	4.8610643479	4.2164663544
208.4	4.8614211156	4.2164297762
208.5	4.861777883	4.2163933209
208.6	4.8621346501	4.2163569882
208.7	4.86249218	4.2163196976
208.8	4.8628489467	4.216283611
208.9	4.8632064761	4.2162465681
209	4.8635632424	4.2162107275
209.1	4.8639207714	4.216173932
209.2	4.8642783001	4.2161372606
209.3	4.8646358286	4.2161007133
209.4	4.8649933569	4.21606429
209.5	4.865350885	4.2160279906
209.6	4.8657084128	4.2159918152
209.7	4.8660667033	4.2159546911
209.8	4.8664242307	4.2159187642
209.9	4.8667825208	4.2158818902
210	4.8671400477	4.2158462117
210.1	4.8674983374	4.2158095876
210.2	4.8678566268	4.2157730888
210.3	4.868214916	4.2157367153
210.4	4.8685732049	4.2157004669
210.5	4.8689314937	4.2156643438
210.6	4.8692897822	4.2156283457
210.7	4.8696488334	4.2155914082
210.8	4.8700071215	4.2155556612
210.9	4.8703661723	4.2155189761
211	4.8707244599	4.2154834799
211.1	4.8710835102	4.2154470472
211.2	4.8714425604	4.215410741
211.3	4.8718016102	4.2153745612
211.4	4.8721606599	4.2153385079
211.5	4.8725197093	4.2153025809
211.6	4.8728787586	4.2152667803
211.7	4.8732378076	4.215231106
211.8	4.8735976193	4.2151945021
211.9	4.8739566678	4.215159081
212	4.8743164791	4.2151227319
212.1	4.8746762902	4.2150865105
212.2	4.875036101	4.2150504167
212.3	4.8753959116	4.2150144507
212.4	4.875755722	4.2149786122
212.5	4.8761155321	4.2149429013
212.6	4.8764753421	4.214907318
212.7	4.8768351518	4.2148718621
212.8	4.8771957243	4.2148354857
212.9	4.8775555335	4.2148002855
213	4.8779161056	4.2147641662
213.1	4.8782766773	4.2147281759
213.2	4.878636486	4.2146933593
213.3	4.8789970573	4.2146576259
213.4	4.8793576284	4.2146220213
213.5	4.8797181993	4.2145865455
213.6	4.880079533	4.2145501565
213.7	4.8804401034	4.2145149388
213.8	4.8808006737	4.2144798498
213.9	4.8811620067	4.2144438499
214	4.8815233394	4.2144079802
214.1	4.881883909	4.2143732785
214.2	4.8822452414	4.2143376681
214.3	4.8826065735	4.2143021877
214.4	4.8829679054	4.2142668373
214.5	4.883329237	4.2142316169
214.6	4.8836905685	4.2141965264
214.7	4.8840526627	4.2141605324
214.8	4.8844139937	4.2141257023
214.9	4.8847760874	4.2140899703
215	4.885137418	4.2140554006
215.1	4.8854995113	4.2140199304
215.2	4.8858616044	4.2139845913
215.3	4.8862236973	4.2139493835
215.4	4.88658579	4.2139143069
215.5	4.8869478824	4.2138793613
215.6	4.8873099747	4.2138445469
215.7	4.8876720667	4.2138098635
215.8	4.8880349215	4.2137742862
215.9	4.888397013	4.2137398656
216	4.8887598674	4.2137045525
216.1	4.8891227215	4.2136693718
216.2	4.8894848124	4.2136353455
216.3	4.8898476661	4.2136004288
216.4	4.8902105196	4.2135656445
216.5	4.8905733728	4.2135309925
216.6	4.8909369888	4.2134954538
216.7	4.8912998416	4.2134610671
216.8	4.8916626943	4.2134268125
216.9	4.8920263096	4.2133916734
217	4.8923891618	4.2133576839
217.1	4.8927527767	4.2133228113
217.2	4.8931163914	4.2132880724
217.3	4.8934800059	4.2132534669
217.4	4.8938436202	4.2132189949
217.5	4.8942072343	4.2131846564
217.6	4.8945708481	4.2131504514
217.7	4.8949344618	4.2131163797
217.8	4.8952988382	4.2130814315
217.9	4.8956624514	4.2130476273
218	4.8960268273	4.213012948
218.1	4.8963912031	4.2129784035
218.2	4.8967548157	4.2129450005
218.3	4.897119191	4.2129107247
218.4	4.8974835661	4.2128765835
218.5	4.897847941	4.2128425769
218.6	4.8982130787	4.212807701
218.7	4.8985774532	4.2127739643
218.8	4.8989418274	4.2127403622
218.9	4.8993069645	4.2127058928
219	4.8996713383	4.2126725604
219.1	4.9000364749	4.2126383622
219.2	4.9004016113	4.2126042999
219.3	4.9007667475	4.2125703734
219.4	4.9011318834	4.2125365827
219.5	4.9014970192	4.2125029279
219.6	4.9018621548	4.2124694088
219.7	4.9022272901	4.2124360254
219.8	4.9025924252	4.2124027777
219.9	4.9029583231	4.2123686713
220	4.9033242208	4.2123347021
220.1	4.9036893553	4.2123018627
220.2	4.9040552525	4.2122681669
220.3	4.9044211496	4.212234608
220.4	4.9047870464	4.2122011861
220.5	4.905152943	4.2121679011
220.6	4.9055188395	4.2121347531
220.7	4.9058847357	4.2121017419
220.8	4.9062513946	4.2120678799
220.9	4.9066172904	4.2120351431
221	4.906983949	4.2120015569
221.1	4.9073498444	4.2119690944
221.2	4.9077165025	4.2119357839
221.3	4.9080831604	4.2119026115
221.4	4.9084498182	4.2118695772
221.5	4.9088164757	4.211836681
221.6	4.909183133	4.2118039229
221.7	4.9095497901	4.2117713028
221.8	4.9099172099	4.2117378402
221.9	4.9102838666	4.2117054968
222	4.9106512861	4.2116723124
222.1	4.9110179424	4.2116402456
222.2	4.9113853614	4.2116073391
222.3	4.9117527802	4.211574572
222.4	4.9121201988	4.2115419441
222.5	4.9124876172	4.2115094554
222.6	4.9128550355	4.2114771059
222.7	4.9132224535	4.2114448957
222.8	4.9135906342	4.2114118513
222.9	4.9139580518	4.2113799201
223	4.9143262322	4.2113471561
223.1	4.9146936494	4.2113155037
223.2	4.9150618293	4.21128302
223.3	4.915430009	4.2112506768
223.4	4.9157981886	4.2112184739
223.5	4.9161663679	4.2111864115
223.6	4.916534547	4.2111544894
223.7	4.916902726	4.2111227076
223.8	4.9172709047	4.2110910661
223.9	4.9176398462	4.2110585996
224	4.9180080245	4.2110272394
224.1	4.9183769655	4.2109950554
224.2	4.9187459064	4.2109630131
224.3	4.9191140841	4.2109320748
224.4	4.9194830246	4.210900315
224.5	4.9198519649	4.2108686966
224.6	4.9202209049	4.2108372197
224.7	4.9205906077	4.2108049247
224.8	4.9209595474	4.2107737314
224.9	4.9213284869	4.2107426796
225	4.9216981891	4.2107108116
225.1	4.9220671281	4.2106800433
225.2	4.9224368299	4.2106484601
225.3	4.9228065315	4.2106170197
225.4	4.9231762329	4.210585722
225.5	4.9235459341	4.2105545669
225.6	4.9239156352	4.2105235545
225.7	4.924285336	4.2104926847
225.8	4.9246550366	4.2104619575
225.9	4.9250254999	4.2104304216
226	4.9253952002	4.2103999802
226.1	4.9257656631	4.2103687315
226.2	4.9261353629	4.2103385758
226.3	4.9265058255	4.2103076141
226.4	4.9268762879	4.2102767963
226.5	4.92724675	4.2102461223
226.6	4.927617212	4.2102155921
226.7	4.9279876738	4.2101852056
226.8	4.9283581353	4.2101549629
226.9	4.9287293597	4.2101239196
227	4.9290998208	4.2100939649
227.1	4.9294710448	4.2100632111
227.2	4.9298415056	4.2100335444
227.3	4.9302127291	4.2100030799
227.4	4.9305839524	4.2099727604
227.5	4.9309551756	4.2099425858
227.6	4.9313263985	4.2099125561
227.7	4.9316976213	4.2098826713
227.8	4.9320688438	4.2098529314
227.9	4.9324400662	4.2098233363
228	4.9328120513	4.2097929495
228.1	4.9331832732	4.2097636448
228.2	4.9335552579	4.2097335496
228.3	4.9339272425	4.2097036005
228.4	4.9342984638	4.2096747314
228.5	4.934670448	4.2096450738
228.6	4.9350424319	4.2096155623
228.7	4.9354144156	4.2095861968
228.8	4.9357871621	4.2095560463
228.9	4.9361591455	4.2095269735
229	4.9365311286	4.2094980466
229.1	4.9369038745	4.2094683367
229.2	4.9372758573	4.2094397024
229.3	4.9376486028	4.2094102864
229.4	4.9380213481	4.2093810176
229.5	4.9383940932	4.209351896
229.6	4.9387668382	4.2093229215
229.7	4.9391395829	4.2092940943
229.8	4.9395123274	4.2092654142
229.9	4.9398850718	4.2092368812
230	4.9402578159	4.2092084953
230.1	4.9406313229	4.2091793343
230.2	4.9410040666	4.2091512432
230.3	4.9413775731	4.2091223783
230.4	4.9417510795	4.2090936619
230.5	4.9421245856	4.2090650937
230.6	4.9424980915	4.2090366739
230.7	4.9428715973	4.2090084023
230.8	4.9432451029	4.2089802791
230.9	4.9436186082	4.2089523041
231	4.9439921134	4.2089244773
231.1	4.9443663813	4.2088958834
231.2	4.9447398861	4.2088683537
231.3	4.9451141536	4.2088400581
231.4	4.945488421	4.2088119121
231.5	4.9458619252	4.2087848281
231.6	4.9462361922	4.2087569803
231.7	4.9466104589	4.208729282
231.8	4.9469847255	4.208701733
231.9	4.9473597549	4.2086734235
232	4.9477340211	4.2086461739
232.1	4.9481082871	4.2086190737
232.2	4.9484833158	4.2085912149
232.3	4.9488575815	4.208564414
232.4	4.9492326098	4.2085368558
232.5	4.949607638	4.2085094482
232.6	4.949982666	4.2084821912
232.7	4.9503569309	4.2084559893
232.8	4.9507327215	4.2084281288
232.9	4.9511077489	4.2084013234
233	4.9514827761	4.2083746685
233.1	4.9518578032	4.208348164
233.2	4.952233593	4.2083209088
233.3	4.9526086197	4.208294706
233.4	4.9529844091	4.2082677536
233.5	4.9533601983	4.208240953
233.6	4.9537352244	4.2082152026
233.7	4.9541110133	4.2081887047
233.8	4.954486802	4.2081623585
233.9	4.9548625904	4.208136164
234	4.9552391417	4.2081092251
234.1	4.9556149298	4.2080833344
234.2	4.9559907177	4.2080575954
234.3	4.9563672684	4.208031114
234.4	4.9567430559	4.2080056787
234.5	4.9571196062	4.2079795023
234.6	4.9574961563	4.2079534788
234.7	4.9578727062	4.2079276082
234.8	4.9582492559	4.2079018903
234.9	4.9586258055	4.2078763252
235	4.9590023548	4.2078509129
235.1	4.959378904	4.2078256533
235.2	4.959755453	4.2078005464
235.3	4.9601327647	4.207774705
235.4	4.9605093133	4.2077499042
235.5	4.9608866247	4.20772437
235.6	4.9612639358	4.2076989899
235.7	4.9616404839	4.2076746484
235.8	4.9620177947	4.2076495754
235.9	4.9623951053	4.2076246564
236	4.9627724157	4.2075998913
236.1	4.9631504889	4.207574398
236.2	4.9635277989	4.2075499413
236.3	4.9639051088	4.2075256384
236.4	4.9642831814	4.2075006092
236.5	4.9646604909	4.2074766146
236.6	4.9650385632	4.207451895
236.7	4.9654166352	4.2074273305
236.8	4.9657947071	4.2074029211
236.9	4.9661727788	4.2073786666
237	4.9665508503	4.2073545673
237.1	4.9669289216	4.2073306229
237.2	4.9673069928	4.2073068335
237.3	4.9676850637	4.2072831992
237.4	4.9680638974	4.2072588461
237.5	4.968441968	4.2072355223
237.6	4.9688208013	4.2072114811
237.7	4.9691996345	4.2071875961
237.8	4.9695777045	4.2071647383
237.9	4.9699565373	4.2071411651
238	4.9703353699	4.207117748
238.1	4.9707142023	4.207094487
238.2	4.9710930345	4.2070713822
238.3	4.9714726295	4.2070475657
238.4	4.9718514614	4.2070247737
238.5	4.972231056	4.2070012714
238.6	4.9726098875	4.2069787922
238.7	4.9729894817	4.2069556039
238.8	4.9733683129	4.2069334375
238.9	4.9737479067	4.2069105632
239	4.9741275004	4.2068878461
239.1	4.9745070939	4.2068652864
239.2	4.9748866873	4.2068428839
239.3	4.9752670434	4.2068197774
239.4	4.9756466363	4.20679769
239.5	4.9760262291	4.2067757599
239.6	4.9764065846	4.2067531276
239.7	4.9767861771	4.2067315125
239.8	4.9771665322	4.2067091964
239.9	4.9775468872	4.2066870388
240	4.977927242	4.2066650396
240.1	4.9783068337	4.2066440551
240.2	4.9786879511	4.2066215165
240.3	4.9790683053	4.2065999926
240.4	4.9794486594	4.206578627
240.5	4.9798290133	4.2065574197
240.6	4.98021013	4.2065355178
240.7	4.9805904835	4.2065146278
240.8	4.9809715998	4.2064930445
240.9	4.9813519529	4.2064724718
241	4.9817330689	4.2064512069
241.1	4.9821141846	4.2064301016
241.2	4.9824953002	4.2064091558
241.3	4.9828764156	4.2063883695
241.4	4.9832575307	4.2063677428
241.5	4.9836386458	4.2063472755
241.6	4.9840205235	4.206326121
241.7	4.9844016382	4.2063059734
241.8	4.9847835156	4.2062851397
241.9	4.9851646299	4.2062653116
242	4.9855465069	4.2062447987
242.1	4.9859283838	4.2062244465
242.2	4.9863102605	4.206204255
242.3	4.986692137	4.2061842242
242.4	4.9870740133	4.206164354
242.5	4.9874558895	4.2061446444
242.6	4.9878377654	4.2061250954
242.7	4.9882204042	4.2061048673
242.8	4.9886022798	4.2060856402
242.9	4.9889849181	4.2060657352
243	4.9893667934	4.2060468299
243.1	4.9897494314	4.2060272479
243.2	4.9901320692	4.2060078277
243.3	4.9905147068	4.2059885693
243.4	4.9908973443	4.2059694727
243.5	4.9912799816	4.2059505378
243.6	4.9916626187	4.2059317648
243.7	4.9920452556	4.2059131534
243.8	4.9924286553	4.205893871
243.9	4.9928112919	4.2058755838
244	4.9931946912	4.2058566266
244.1	4.9935773274	4.2058386635
244.2	4.9939607264	4.2058200316
244.3	4.9943441252	4.2058015627
244.4	4.9947275238	4.2057832567
244.5	4.9951109222	4.2057651136
244.6	4.9954943204	4.2057471334
244.7	4.9958777185	4.2057293162
244.8	4.9962611164	4.2057116618
244.9	4.9966445141	4.2056941703
245	4.9970286746	4.2056760162
245.1	4.997412072	4.205658851
245.2	4.9977962321	4.2056410245
245.3	4.998180392	4.2056233621
245.4	4.9985645518	4.2056058637
245.5	4.9989487114	4.2055885294
245.6	4.9993328708	4.2055713592
245.7	4.99971703	4.2055543529
245.8	5.000101189	4.2055375107
245.9	5.0004853479	4.2055208326
246	5.0008695066	4.2055043184
246.1	5.001254428	4.2054871496
246.2	5.0016385864	4.2054709641
246.3	5.0020235075	4.2054541251
246.4	5.0024084284	4.2054374514
246.5	5.0027933491	4.2054209428
246.6	5.0031782697	4.2054045995
246.7	5.0035631901	4.2053884213
246.8	5.0039481103	4.2053724083
246.9	5.0043330303	4.2053565604
247	5.0047179502	4.2053408778
247.1	5.0051028699	4.2053253602
247.2	5.0054885523	4.205309196
247.3	5.0058734716	4.2052940093
247.4	5.0062591537	4.2052781772
247.5	5.0066448356	4.2052625113
247.6	5.0070297544	4.2052478213
247.7	5.0074154359	4.2052324875
247.8	5.0078011173	4.2052173201
247.9	5.0081867985	4.2052023189
248	5.0085732425	4.2051866771
248.1	5.0089589233	4.2051720092
248.2	5.009344604	4.2051575076
248.3	5.0097310474	4.2051423671
248.4	5.0101167278	4.2051281986
248.5	5.0105031708	4.2051133925
248.6	5.0108888508	4.2050995571
248.7	5.0112752935	4.2050850854
248.8	5.0116617361	4.205070781
248.9	5.0120481785	4.2050566442
249	5.0124346206	4.2050426748
249.1	5.0128210627	4.2050288728
249.2	5.0132075045	4.2050152383
249.3	5.0135947091	4.2050009721
249.4	5.0139811506	4.2049876731
249.5	5.0143683549	4.2049737436
249.6	5.014754796	4.20496078
249.7	5.0151419999	4.2049471871
249.8	5.0155292037	4.2049337629
249.9	5.0159156443	4.2049213027
250	5.0163028477	4.2049082151
250.1	5.0166900509	4.2048952961
250.2	5.0170780168	4.204881752
250.3	5.0174652197	4.2048691708
250.4	5.0178524224	4.2048567581
250.5	5.0182396249	4.204844514
250.6	5.0186275901	4.2048316472
250.7	5.0190147923	4.2048197409
250.8	5.0194027572	4.2048072131
250.9	5.019790722	4.204794855
251	5.0201786865	4.2047826667
251.1	5.020565888	4.2047714364
251.2	5.0209538522	4.204759587
251.3	5.0213425792	4.2047471203
251.4	5.021730543	4.2047356109
251.5	5.0221185067	4.2047242713
251.6	5.0225064703	4.2047131015
251.7	5.0228951965	4.2047013167
251.8	5.0232831597	4.2046904869
251.9	5.0236718857	4.2046790433
252	5.0240606114	4.2046677706
252.1	5.0244485741	4.2046574512
252.2	5.0248372995	4.2046465197
252.3	5.0252260247	4.2046357592
252.4	5.0256147498	4.2046251695
252.5	5.0260034747	4.2046147507
252.6	5.0263921994	4.2046045029
252.7	5.0267816869	4.2045936472
252.8	5.0271704112	4.2045837417
252.9	5.0275598984	4.2045732295
253	5.0279486224	4.2045636664
253.1	5.0283381092	4.2045534978
253.2	5.0287275958	4.2045435012
253.3	5.0291163193	4.2045344518
253.4	5.0295058055	4.2045247988
253.5	5.0298952916	4.2045153178
253.6	5.0302847775	4.2045060089
253.7	5.0306742633	4.204496872
253.8	5.0310645118	4.204487135
253.9	5.0314539972	4.2044783427
254	5.0318434824	4.2044697225
254.1	5.0322337304	4.204460504
254.2	5.0326239782	4.2044514587
254.3	5.0330134629	4.2044433558
254.4	5.0334037104	4.2044346563
254.5	5.0337939577	4.20442613
254.6	5.0341842048	4.2044177769
254.7	5.0345744518	4.2044095971
254.8	5.0349646985	4.2044015904
254.9	5.0353549451	4.2043937569
255	5.0357451916	4.2043860967
255.1	5.0361362008	4.2043778451
255.2	5.0365264469	4.2043705318
255.3	5.0369174557	4.2043626284
255.4	5.0373077014	4.2043556621
255.5	5.0376987099	4.2043481069
255.6	5.0380897183	4.204340726
255.7	5.0384807264	4.2043335195
255.8	5.0388717344	4.2043264874
255.9	5.0392627422	4.2043196296
256	5.0396537499	4.2043129462
256.1	5.0400447574	4.2043064372
256.2	5.0404357647	4.2043001025
256.3	5.0408275347	4.2042931848
256.4	5.0412185417	4.2042871994
256.5	5.0416103114	4.2042806322
256.6	5.042001318	4.2042749961
256.7	5.0423930874	4.2042687794
256.8	5.0427848566	4.2042627381
256.9	5.0431766256	4.2042568724
257	5.0435683945	4.2042511822
257.1	5.0439601632	4.2042456676
257.2	5.0443519317	4.2042403285
257.3	5.0447437	4.2042351649
257.4	5.0451362311	4.2042294258
257.5	5.0455279991	4.2042246139
257.6	5.045919767	4.2042199775
257.7	5.0463122976	4.2042147674
257.8	5.046704828	4.2042097339
257.9	5.0470965953	4.2042056253
258	5.0474891254	4.2042009447
258.1	5.0478816553	4.2041964408
258.2	5.048274185	4.2041921136
258.3	5.0486667146	4.2041879631
258.4	5.049059244	4.2041839893
258.5	5.0494517732	4.2041801923
258.6	5.0498450652	4.2041758278
258.7	5.0502375941	4.2041723848
258.8	5.0506308857	4.2041683755
258.9	5.0510234142	4.2041652864
259	5.0514167056	4.2041616323
259.1	5.0518099967	4.2041581561
259.2	5.0522025247	4.2041555984
259.3	5.0525958155	4.2041524773
259.4	5.0529891061	4.2041495342
259.5	5.0533823966	4.2041467689
259.6	5.0537756868	4.2041441815
259.7	5.0541697399	4.2041410343
259.8	5.0545630298	4.2041388033
259.9	5.0549563196	4.2041367501
260	5.0553503721	4.2041341389
260.1	5.0557436615	4.2041324422
260.2	5.0561377137	4.2041301885
260.3	5.0565317657	4.2041281138
260.4	5.0569250547	4.2041269519
260.5	5.0573191063	4.2041252348
260.6	5.0577131578	4.2041236968
260.7	5.0581072092	4.2041223378
260.8	5.0585012603	4.2041211579
260.9	5.0588960743	4.2041194263
261	5.0592901251	4.2041186051
261.1	5.0596841757	4.204117963
261.2	5.0600789892	4.2041167709
261.3	5.0604730395	4.2041164876
261.4	5.0608678526	4.2041156554
261.5	5.0612626655	4.2041150034
261.6	5.0616567153	4.2041152585
261.7	5.0620515278	4.2041149664
261.8	5.0624463402	4.2041148546
261.9	5.0628411525	4.2041149231
262	5.0632359645	4.2041151718
262.1	5.0636307764	4.2041156008
262.2	5.0640263511	4.2041154867
262.3	5.0644211626	4.2041162768
262.4	5.0648167369	4.2041165249
262.5	5.0652115481	4.2041176761
262.6	5.0656071221	4.2041182865
262.7	5.066001933	4.2041197989
262.8	5.0663975066	4.2041207716
262.9	5.0667930801	4.2041219257
263	5.0671886534	4.2041232613
263.1	5.0675842265	4.2041247784
263.2	5.0679797995	4.2041264768
263.3	5.0683753722	4.2041283568
263.4	5.0687709449	4.2041304182
263.5	5.0691665173	4.2041326611
263.6	5.0695628525	4.20413437
263.7	5.0699584246	4.2041369764
263.8	5.0703547595	4.20413905
263.9	5.0707503313	4.20414202
264	5.0711466658	4.2041444583
264.1	5.0715430002	4.2041470792
264.2	5.0719393344	4.2041498828
264.3	5.0723356684	4.204152869
264.4	5.0727320022	4.2041560379
264.5	5.0731283359	4.2041593894
264.6	5.0735246694	4.2041629236
264.7	5.0739210028	4.2041666405
264.8	5.0743180989	4.2041698314
264.9	5.0747144319	4.2041739142
265	5.0751115277	4.2041774722
265.1	5.0755078604	4.204181921
265.2	5.0759049558	4.204185846
265.3	5.0763012881	4.2041906608
265.4	5.0766983832	4.204194953
265.5	5.0770954782	4.2041994291
265.6	5.0774925729	4.204204089
265.7	5.0778896675	4.2042089328
265.8	5.0782867619	4.2042139604
265.9	5.0786838562	4.204219172
266	5.0790817132	4.2042238655
266.1	5.0794788071	4.2042294454
266.2	5.0798766638	4.2042345084
266.3	5.0802737574	4.2042404567
266.4	5.0806716137	4.2042458892
266.5	5.0810687069	4.2042522059
266.6	5.081466563	4.204258008
266.7	5.0818644188	4.2042639951
266.8	5.0822622745	4.2042701673
266.9	5.08266013	4.2042765246
267	5.0830579853	4.204283067
267.1	5.0834558404	4.2042897945
267.2	5.0838536954	4.2042967071
267.3	5.0842515503	4.2043038048
267.4	5.0846501679	4.2043103935
267.5	5.0850480223	4.204317862
267.6	5.0854466396	4.2043248227
267.7	5.0858444937	4.2043326621
267.8	5.0862431106	4.2043399948
267.9	5.0866417274	4.2043475137
268	5.087040344	4.2043552189
268.1	5.0874381974	4.2043638007
268.2	5.0878368137	4.204371878
268.3	5.0882354298	4.2043801416
268.4	5.0886348086	4.204387903
268.5	5.0890334243	4.2043965398
268.6	5.0894320399	4.204405363
268.7	5.0898306553	4.2044143725
268.8	5.0902300335	4.2044228821
268.9	5.0906286485	4.2044322649
269	5.0910280263	4.2044411489
269.1	5.091427404	4.2044502204
269.2	5.0918260185	4.2044601636
269.3	5.0922253959	4.2044696096
269.4	5.092624773	4.2044792431
269.5	5.09302415	4.2044890642
269.6	5.0934235268	4.2044990728
269.7	5.0938229035	4.204509269
269.8	5.0942222799	4.2045196527
269.9	5.0946216563	4.2045302241
270	5.0950217953	4.2045403034
270.1	5.0954211713	4.2045512505
270.2	5.09582131	4.2045617066
270.3	5.0962206857	4.2045730295
270.4	5.0966208241	4.2045838626
270.5	5.0970209623	4.2045948845
270.6	5.0974203375	4.2046067714
270.7	5.0978204754	4.2046181702
270.8	5.0982206131	4.2046297578
270.9	5.0986207506	4.2046415342
271	5.099020888	4.2046534994
271.1	5.0994210253	4.2046656534
271.2	5.0998219253	4.2046773232
271.3	5.1002220621	4.2046898555
271.4	5.1006221989	4.2047025766
271.5	5.1010230984	4.2047148151
271.6	5.1014232347	4.2047279145
271.7	5.1018241339	4.2047405325
271.8	5.1022250329	4.2047533404
271.9	5.1026251688	4.2047670076
272	5.1030260674	4.2047801951
272.1	5.1034269659	4.2047935725
272.2	5.1038278642	4.2048071401
272.3	5.1042287623	4.2048208976
272.4	5.1046296603	4.2048348453
272.5	5.1050305581	4.204848983
272.6	5.1054314557	4.2048633108
272.7	5.1058331162	4.204877164
272.8	5.1062340135	4.2048918726
272.9	5.1066356735	4.2049061076
273	5.1070365705	4.204921197
273.1	5.1074382302	4.2049358139
273.2	5.1078398898	4.2049506221
273.3	5.1082407863	4.2049662832
273.4	5.1086424455	4.2049814734
273.5	5.1090441045	4.2049968549
273.6	5.1094457634	4.2050124278
273.7	5.1098474222	4.2050281919
273.8	5.1102490807	4.2050441474
273.9	5.1106507391	4.2050602943
274	5.1110531603	4.2050759748
274.1	5.1114548183	4.205092505
274.2	5.1118564762	4.2051092265
274.3	5.1122588969	4.2051254834
274.4	5.1126605544	4.2051425883
274.5	5.1130629747	4.2051592297
274.6	5.1134653949	4.2051760636
274.7	5.1138670519	4.2051937439
274.8	5.1142694717	4.2052109624
274.9	5.1146718914	4.2052283735
275	5.1150743108	4.2052459771
275.1	5.1154767301	4.2052637733
275.2	5.1158791493	4.2052817622
275.3	5.1162823312	4.2052992931
275.4	5.11668475	4.2053176678
275.5	5.1170871686	4.2053362351
275.6	5.11749035	4.2053543462
275.7	5.1178927683	4.2053732994
275.8	5.1182959494	4.2053917975
275.9	5.1186983674	4.2054111367
276	5.1191015481	4.2054300218
276.1	5.1195047287	4.2054491008
276.2	5.1199071461	4.2054690194
276.3	5.1203103264	4.2054884855
276.4	5.1207135064	4.2055081455
276.5	5.1211166863	4.2055279995
276.6	5.121519866	4.2055480473
276.7	5.1219238085	4.205567646
276.8	5.1223269879	4.2055880822
276.9	5.1227301671	4.2056087124
277	5.1231333462	4.2056295365
277.1	5.123537288	4.2056499137
277.2	5.1239404667	4.2056711264
277.3	5.1243444082	4.2056918933
277.4	5.1247483495	4.2057128553
277.5	5.1251515277	4.2057346511
277.6	5.1255554687	4.2057560029
277.7	5.1259594095	4.2057775497
277.8	5.1263633502	4.2057992918
277.9	5.1267672907	4.205821229
278	5.127171231	4.2058433615
278.1	5.1275751711	4.2058656892
278.2	5.1279791111	4.2058882121
278.3	5.1283838138	4.2059102958
278.4	5.1287877535	4.2059332098
278.5	5.1291916929	4.205956319
278.6	5.1295963952	4.2059789908
278.7	5.1300003343	4.2060024912
278.8	5.1304050362	4.2060255552
278.9	5.1308097379	4.2060488157
279	5.1312136766	4.2060729033
279.1	5.131618378	4.2060965561
279.2	5.1320230792	4.2061204054
279.3	5.1324277803	4.2061444512
279.4	5.1328324812	4.2061686935
279.5	5.1332371819	4.2061931323
279.6	5.1336418824	4.2062177677
279.7	5.1340465828	4.2062425997
279.8	5.134452046	4.2062670018
279.9	5.134856746	4.2062922275
280	5.1352614459	4.2063176498
280.1	5.1356669086	4.2063426439
280.2	5.1360716081	4.20636846
280.3	5.1364770705	4.2063938491
280.4	5.1368825326	4.2064194359
280.5	5.1372872316	4.2064458432
280.6	5.1376926935	4.206471825
280.7	5.1380981551	4.2064980047
280.8	5.1385036166	4.2065243822
280.9	5.1389090779	4.2065509575
281	5.139314539	4.2065777307
281.1	5.13972	4.2066047018
281.2	5.1401254608	4.2066318708
281.3	5.1405316844	4.2066586193
281.4	5.1409371449	4.2066861847
281.5	5.1413426052	4.206713948
281.6	5.1417488282	4.2067412926
281.7	5.1421542882	4.2067694524
281.8	5.1425605109	4.2067971945
281.9	5.1429667335	4.2068251358
282	5.143372193	4.2068538908
282.1	5.1437784152	4.2068822297
282.2	5.1441846373	4.2069107678
282.3	5.1445908591	4.2069395051
282.4	5.1449970809	4.2069684415
282.5	5.1454033024	4.2069975772
282.6	5.1458095238	4.2070269121
282.7	5.146215745	4.2070564462
282.8	5.1466219661	4.2070861796
282.9	5.1470289499	4.2071155024
283	5.1474351706	4.207145635
283.1	5.1478413912	4.2071759668
283.2	5.1482483745	4.2072058897
283.3	5.1486545947	4.2072366208
283.4	5.1490615777	4.2072669441
283.5	5.1494685605	4.2072974678
283.6	5.1498747802	4.2073287982
283.7	5.1502817627	4.2073597224
283.8	5.150688745	4.2073908471
283.9	5.1510957271	4.2074221723
284	5.1515027091	4.2074536981
284.1	5.1519096909	4.2074854245
284.2	5.1523166725	4.2075173515
284.3	5.152723654	4.2075494791
284.4	5.1531313982	4.2075812054
284.5	5.1535383794	4.2076137349
284.6	5.1539453603	4.207646465
284.7	5.1543531041	4.2076787955
284.8	5.1547600847	4.2077119276
284.9	5.1551678281	4.2077446612
285	5.1555748084	4.2077781953
285.1	5.1559825514	4.207811332
285.2	5.1563902943	4.2078446706
285.3	5.1567972741	4.2078788082
285.4	5.1572050166	4.2079125501
285.5	5.157612759	4.2079464938
285.6	5.1580205012	4.2079806395
285.7	5.1584282433	4.2080149872
285.8	5.1588359851	4.2080495369
285.9	5.1592444898	4.2080836945
286	5.1596522313	4.2081186488
286.1	5.1600599727	4.2081538051
286.2	5.1604677139	4.2081891634
286.3	5.1608762179	4.208224132
286.4	5.1612839587	4.2082598951
286.5	5.1616924624	4.2082952695
286.6	5.1621002029	4.2083314374
286.7	5.1625087062	4.2083672178
286.8	5.1629172093	4.2084032013
286.9	5.1633249493	4.208439977
287	5.1637334521	4.2084763666
287.1	5.1641419548	4.2085129595
287.2	5.1645504572	4.2085497558
287.3	5.1649589595	4.2085867555
287.4	5.1653674616	4.2086239586
287.5	5.1657759636	4.208661365
287.6	5.1661852283	4.2086983899
287.7	5.1665937299	4.2087362038
287.8	5.1670022313	4.2087742211
287.9	5.1674107326	4.208812442
288	5.1678199966	4.2088502834
288.1	5.1682284976	4.2088889119
288.2	5.1686377613	4.2089271619
288.3	5.1690462619	4.2089661981
288.4	5.1694555252	4.209004857
288.5	5.1698647884	4.2090437205
288.6	5.1702740515	4.2090827888
288.7	5.1706825514	4.2091226411
288.8	5.1710918141	4.2091621183
288.9	5.1715010766	4.2092018003
289	5.171910339	4.2092416872
289.1	5.1723196011	4.2092817788
289.2	5.1727288632	4.2093220753
289.3	5.1731388879	4.2093620004
289.4	5.1735481496	4.2094027072
289.5	5.1739574111	4.2094436188
289.6	5.1743666725	4.2094847355
289.7	5.1747766966	4.2095254829
289.8	5.1751859576	4.20956701
289.9	5.1755959813	4.2096081691
290	5.176005242	4.2096501067
290.1	5.1764152654	4.2096916774
290.2	5.1768252887	4.2097334543
290.3	5.1772345488	4.2097760082
290.4	5.1776445718	4.2098181969
290.5	5.1780545945	4.2098605917
290.6	5.1784646171	4.2099031927
290.7	5.1788746395	4.209946
290.8	5.1792846618	4.2099890136
290.9	5.1796946838	4.2100322335
291	5.1801047057	4.2100756596
291.1	5.1805147275	4.2101192922
291.2	5.180925512	4.2101625648
291.3	5.1813355334	4.2102066106
291.4	5.1817455546	4.2102508628
291.5	5.1821563386	4.2102947567
291.6	5.1825663595	4.2103394224
291.7	5.1829771432	4.2103837308
291.8	5.1833871637	4.21042881
291.9	5.183797947	4.210473533
292	5.1842087302	4.2105184637
292.1	5.1846187502	4.2105641636
292.2	5.1850295331	4.210609509
292.3	5.1854403157	4.2106550621
292.4	5.1858510982	4.210700823
292.5	5.1862618805	4.2107467915
292.6	5.1866726626	4.2107929678
292.7	5.1870834446	4.2108393519
292.8	5.1874942264	4.2108859438
292.9	5.187905008	4.2109327435
293	5.1883165524	4.2109791941
293.1	5.1887273337	4.2110264101
293.2	5.1891381148	4.2110738339
293.3	5.1895496587	4.2111209104
293.4	5.1899604395	4.2111687506
293.5	5.190371983	4.2112162446
293.6	5.1907827634	4.2112645014
293.7	5.1911943066	4.2113124129
293.8	5.1916050867	4.2113610863
293.9	5.1920166296	4.2114094155
294	5.1924281723	4.2114579539
294.1	5.1928397148	4.2115067014
294.2	5.1932512572	4.2115556581
294.3	5.1936620364	4.2116053743
294.4	5.1940735785	4.211654749
294.5	5.1944851203	4.211704333
294.6	5.1948974249	4.2117535776
294.7	5.1953089664	4.2118035808
294.8	5.1957205078	4.2118537933
294.9	5.1961320489	4.2119042152
295	5.1965435899	4.2119548465
295.1	5.1969558937	4.2120051411
295.2	5.1973674343	4.2120561918
295.3	5.1977797378	4.212106907
295.4	5.1981912781	4.2121583772
295.5	5.1986035812	4.212209513
295.6	5.1990151211	4.2122614029
295.7	5.1994274239	4.2123129594
295.8	5.1998389635	4.212365269
295.9	5.2002512659	4.2124172463
296	5.2006635682	4.2124694343
296.1	5.2010758702	4.2125218331
296.2	5.2014881721	4.2125744426
296.3	5.2019004738	4.2126272629
296.4	5.2023127754	4.2126802941
296.5	5.2027250768	4.2127335361
296.6	5.203137378	4.2127869889
296.7	5.203549679	4.2128406527
296.8	5.2039619799	4.2128945274
296.9	5.2043742806	4.2129486131
297	5.204787344	4.2130023734
297.1	5.2051996444	4.2130568816
297.2	5.2056127075	4.2131110655
297.3	5.2060250075	4.2131659964
297.4	5.2064373074	4.2132211382
297.5	5.20685037	4.2132759575
297.6	5.2072634324	4.213330989
297.7	5.2076757318	4.2133867654
297.8	5.2080887939	4.2134422208
297.9	5.2085018558	4.2134978885
298	5.2089141546	4.2135542996
298.1	5.2093272162	4.2136103914
298.2	5.2097402776	4.2136666955
298.3	5.2101533389	4.213723212
298.4	5.2105663999	4.2137799409
298.5	5.2109794609	4.2138368822
298.6	5.2113925216	4.213894036
298.7	5.2118055821	4.2139514023
298.8	5.2122186425	4.2140089811
298.9	5.2126324657	4.2140662459
299	5.2130455257	4.2141242504
299.1	5.2134585856	4.2141824674
299.2	5.2138724083	4.2142403721
299.3	5.2142854678	4.214299015
299.4	5.2146985272	4.2143578705
299.5	5.2151123493	4.2144164153
299.6	5.2155261713	4.2144751739
299.7	5.2159392301	4.2145346688
299.8	5.2163530517	4.2145938545
299.9	5.2167661102	4.2146537755
300	5.2171799315	4.2147133884
