perioda	phase	group
1.7	2.9582332611	2.9582164582
1.8	2.9582346962	2.9581995591
1.9	2.9582371458	2.9581722068
2	2.9582414785	2.9581280871
2.1	2.9582493809	2.958064375
2.2	2.9582617783	2.957899233
2.3	2.9582796385	2.9577808544
2.4	2.9583060974	2.9575389504
2.5	2.9583428945	2.9572504058
2.6	2.9583932179	2.9568288594
2.7	2.9584593449	2.9564578339
2.8	2.9585459427	2.955767457
2.9	2.9586548505	2.9551807278
3	2.9587918778	2.9541766286
3.1	2.9589590834	2.9531890075
3.2	2.9591612061	2.9520226257
3.3	2.9594017589	2.9508023019
3.4	2.9596858793	2.9492635906
3.5	2.9600168386	2.9475891924
3.6	2.9603985118	2.9458025537
3.7	2.9608354277	2.9437727151
3.8	2.9613318381	2.9414222317
3.9	2.9618899066	2.939084933
4	2.9625151532	2.9363717709
4.1	2.9632098375	2.9335430389
4.2	2.9639776061	2.9305453638
4.3	2.9648222748	2.9272607318
4.4	2.9657456921	2.9239645739
4.5	2.9667519751	2.9204077812
4.6	2.9678444022	2.9164284973
4.7	2.9690235639	2.9125973057
4.8	2.9702939703	2.9083794133
4.9	2.9716568561	2.9040831023
5	2.9731142507	2.8997611965
5.1	2.9746696209	2.8950612085
5.2	2.976324132	2.8901653317
5.3	2.978078546	2.8854510448
5.4	2.9799367186	2.8802264318
5.5	2.9818985053	2.8750525059
5.6	2.9839657524	2.8698129877
5.7	2.9861405457	2.8642878201
5.8	2.9884230676	2.8588100166
5.9	2.9908152298	2.8531545514
6	2.9933178049	2.8474057341
6.1	2.9959321973	2.8414393195
6.2	2.998658481	2.8354859011
6.3	3.0014979131	2.8294092868
6.4	3.004450439	2.8234277891
6.5	3.0075172314	2.8173707941
6.6	3.0106997199	2.8109851184
6.7	3.0139966241	2.804757393
6.8	3.0174090709	2.7984695013
6.9	3.0209369639	2.7922282596
7	3.0245808454	2.7859350134
7.1	3.0283413914	2.7794440706
7.2	3.0322171679	2.7731518475
7.3	3.036209329	2.766743437
7.4	3.0403171205	2.7603881581
7.5	3.0445403632	2.7540826312
7.6	3.048878893	2.7478017315
7.7	3.0533325828	2.7414973201
7.8	3.057900601	2.7352679186
7.9	3.0625827819	2.7290323348
8	3.0673782889	2.7228570154
8.1	3.0722862235	2.7167997221
8.2	3.0773064014	2.7107264896
8.3	3.0824380141	2.7046382006
8.4	3.0876787292	2.6988650808
8.5	3.093028961	2.6930798712
8.6	3.0984871517	2.6873903522
8.7	3.1040524112	2.6817305915
8.8	3.1097223878	2.6763546786
8.9	3.1154967995	2.671006094
9	3.1213740717	2.6657135714
9.1	3.1273518448	2.6606624069
9.2	3.1334291323	2.6556956604
9.3	3.1396035608	2.6509525049
9.4	3.1458734097	2.6463967329
9.5	3.1522369947	2.641967042
9.6	3.158692686	2.6375518056
9.7	3.1652366557	2.633533121
9.8	3.1718678326	2.6296211772
9.9	3.1785830885	2.6259810519
10	3.185380699	2.6224291158
10.1	3.1922567936	2.619243619
10.2	3.1992095879	2.6162047785
10.3	3.2062359391	2.6133758358
10.4	3.213332661	2.6108021087
10.5	3.2204965396	2.6085093456
10.6	3.2277251102	2.6063437881
10.7	3.23501373	2.6045848915
10.8	3.2423598563	2.6030516004
10.9	3.2497595495	2.6018311688
11	3.2572103414	2.6006980796
11.1	3.2647061007	2.6001311349
11.2	3.272245728	2.5996044412
11.3	3.2798231283	2.5995472112
11.4	3.2874357497	2.599691912
11.5	3.2950789255	2.6001608356
11.6	3.3027479156	2.6010718321
11.7	3.3104402023	2.6021284138
11.8	3.3181503993	2.6035481786
11.9	3.3258745188	2.6052866206
12	3.3336078404	2.6074225721
12.1	3.3413471288	2.6097739966
12.2	3.3490869681	2.612533282
12.3	3.3568233627	2.6156467148
12.4	3.3645523524	2.6190586079
12.5	3.3722700116	2.6227131838
12.6	3.3799709217	2.6268023373
12.7	3.3876518544	2.6311668162
12.8	3.3953081442	2.635888665
12.9	3.4029366122	2.6408239703
13	3.4105318677	2.6461869765
13.1	3.4180907043	2.6518617679
13.2	3.4256099782	2.6577412911
13.3	3.4330843115	2.6640717168
13.4	3.4405120263	2.6705574319
13.5	3.4478885369	2.677357752
13.6	3.4552099481	2.6845434437
13.7	3.462474625	2.6918761199
13.8	3.4696779922	2.6995648123
13.9	3.4768176721	2.7075205458
14	3.4838913299	2.7156721299
14.1	3.4908959007	2.7240730384
14.2	3.4978290617	2.7326940395
14.3	3.5046877416	2.7416302081
14.4	3.5114711217	2.7506905556
14.5	3.5181769367	2.7599056188
14.6	3.5248021465	2.7694289753
14.7	3.5313467049	2.7790358851
14.8	3.537808365	2.7888170499
14.9	3.5441856087	2.7987861002
15	3.550477677	2.8088784899
15.1	3.5566830728	2.8191451907
15.2	3.562801807	2.8294634731
15.3	3.5688316453	2.8400144389
15.4	3.5747741058	2.8505235147
15.5	3.580626986	2.8612013689
15.6	3.5863910632	2.8719025326
15.7	3.5920648745	2.8827742144
15.8	3.5976499607	2.893610385
15.9	3.603145639	2.9044918114
16	3.6085519634	2.9154221354
16.1	3.6138689854	2.9264173293
16.2	3.6190975147	2.9374152482
16.3	3.6242376156	2.9484532192
16.4	3.6292908664	2.9594018218
16.5	3.6342565924	2.9704040403
16.6	3.6391363659	2.9813503173
16.7	3.6439302625	2.9923120316
16.8	3.6486391001	3.0032820272
16.9	3.6532652234	3.0140884801
17	3.6578072061	3.0249905038
17.1	3.6622681306	3.0357463268
17.2	3.6666480883	3.0464544311
17.3	3.6709479066	3.0571345575
17.4	3.6751691698	3.0677274507
17.5	3.6793127123	3.0782596576
17.6	3.6833801232	3.0886788708
17.7	3.6873714768	3.0990982058
17.8	3.6912891082	3.1093902637
17.9	3.6951338548	3.1195903494
18	3.6989073069	3.129655367
18.1	3.7026095369	3.1397024151
18.2	3.706242879	3.1496124076
18.3	3.7098081658	3.1594241106
18.4	3.7133069832	3.1690985967
18.5	3.7167401603	3.1786748216
18.6	3.720108517	3.188191641
18.7	3.7234136267	3.1976108721
18.8	3.7266570695	3.2068940455
18.9	3.7298396688	3.2160781145
19	3.7329630021	3.2251238485
19.1	3.7360278903	3.2340663383
19.2	3.7390359092	3.2428650936
19.3	3.7419871149	3.2516270409
19.4	3.7448838316	3.260236389
19.5	3.7477268778	3.268723314
19.6	3.7505170649	3.2771166212
19.7	3.7532559613	3.2853711775
19.8	3.7559443792	3.2935128501
19.9	3.7585831251	3.3015659854
20	3.7611737634	3.3094820504
20.1	3.7637171027	3.317282292
20.2	3.766213947	3.3249863695
20.3	3.7686650963	3.332612333
20.4	3.7710721096	3.3401068132
20.5	3.7734357908	3.347484733
20.6	3.7757569405	3.3547594239
20.7	3.7780371192	3.3618739291
20.8	3.7802756064	3.3689752553
20.9	3.7824754735	3.3758678944
21	3.7846352424	3.3827621625
21.1	3.7867579814	3.3894615758
21.2	3.7888429714	3.39610446
21.3	3.7908917618	3.4026268242
21.4	3.7929043847	3.4090963143
21.5	3.7948823877	3.4154467727
21.6	3.7968265643	3.4216768225
21.7	3.7987369445	3.4278490403
21.8	3.800615075	3.4338942617
21.9	3.8024617485	3.4398072482
22	3.8042762315	3.4457101661
22.1	3.8060608262	3.4514669029
22.2	3.8078155629	3.4571323617
22.3	3.8095404644	3.4627597762
22.4	3.8112370721	3.4682746084
22.5	3.8129061736	3.4736646131
22.6	3.8145470313	3.479041465
22.7	3.8161619456	3.4842660945
22.8	3.8177501813	3.4894471059
22.9	3.8193132787	3.4945063567
23	3.8208504982	3.4995492625
23.1	3.8223633762	3.5044962852
23.2	3.8238526952	3.5093283872
23.3	3.8253177135	3.5141466266
23.4	3.8267607294	3.5188096134
23.5	3.8281802419	3.5234757585
23.6	3.8295785471	3.5280031288
23.7	3.8309549043	3.5324876009
23.8	3.8323100881	3.5369052051
23.9	3.8336441124	3.5412901854
24	3.8349585132	3.5455586475
24.1	3.8362525462	3.5498015247
24.2	3.8375277461	3.5539341507
24.3	3.8387833674	3.5580451804
24.4	3.840020944	3.5620492718
24.5	3.8412397294	3.566032922
24.6	3.842441257	3.5699102051
24.7	3.8436247797	3.5737655768
24.8	3.844791068	3.57756908
24.9	3.8459408947	3.5812904615
25	3.8470742726	3.5849551736
25.1	3.848191975	3.5885321081
25.2	3.8492932515	3.5921009193
25.3	3.8503788706	3.5956293849
25.4	3.8514496032	3.5990850931
25.5	3.8525062232	3.602435466
25.6	3.8535472183	3.6058114477
25.7	3.8545741163	3.6091248313
25.8	3.8555876894	3.6123419644
25.9	3.856587187	3.6155368457
26	3.8575733778	3.6186749666
26.1	3.8585455072	3.6218286056
26.2	3.8595058663	3.6248560469
26.3	3.8604529432	3.6278815968
26.4	3.8613882675	3.6308167906
26.5	3.8623103239	3.6337839321
26.6	3.8632214017	3.6366419664
26.7	3.8641207501	3.6394594835
26.8	3.8650083753	3.6422520884
26.9	3.865884282	3.6450348824
27	3.866749237	3.6477709751
27.1	3.8676040097	3.6504235492
27.2	3.8684478462	3.6530580569
27.3	3.8692815135	3.6556371773
27.4	3.8701042556	3.658225073
27.5	3.8709176	3.660733469
27.6	3.8717207922	3.6632256317
27.7	3.8725145989	3.6656636956
27.8	3.8732982633	3.6681097423
27.9	3.8740733129	3.670475812
28	3.8748389929	3.6728231877
28.1	3.8755953068	3.6751629366
28.2	3.876343783	3.6774074969
28.3	3.8770829045	3.6796658201
28.4	3.8778134351	3.6818991845
28.5	3.8785361416	3.6840690646
28.6	3.8792502672	3.6862339342
28.7	3.879956577	3.6883550128
28.8	3.880655076	3.6904417712
28.9	3.881345768	3.6925033902
29	3.8820286565	3.6945487681
29.1	3.8827037442	3.696586528
29.2	3.8833725591	3.6985303717
29.3	3.8840328203	3.7005305108
29.4	3.8846868142	3.7024535201
29.5	3.8853337846	3.7043544575
29.6	3.8859744973	3.706194368
29.7	3.8866074316	3.708073964
29.8	3.8872341124	3.70990754
29.9	3.8878545439	3.7117024181
30	3.8884687298	3.7134657037
30.1	3.8890766734	3.7152042918
30.2	3.8896776146	3.7169705134
30.3	3.8902738417	3.7186341006
30.4	3.8908630733	3.7203379396
30.5	3.8914468341	3.7219975015
30.6	3.8920251278	3.723619023
30.7	3.892597195	3.7252534028
30.8	3.8931637988	3.7268615213
30.9	3.8937257048	3.7284045573
31	3.8942813921	3.7299771164
31.1	3.8948323858	3.7314958228
31.2	3.895377927	3.7330102777
31.3	3.8959180169	3.7345255481
31.4	3.8964534195	3.7360027829
31.5	3.8969841378	3.7374470594
31.6	3.8975101745	3.7388633115
31.7	3.8980307692	3.7402996569
31.8	3.8985474475	3.7416740961
31.9	3.8990586878	3.7430775194
32	3.8995660151	3.7444282472
32.1	3.9000686703	3.7457735925
32.2	3.9005666543	3.747117702
32.3	3.9010607311	3.7484221433
32.4	3.9015509035	3.7496911233
32.5	3.902036411	3.7509709133
32.6	3.902517254	3.7522651985
32.7	3.9029949582	3.7534937527
32.8	3.9034687648	3.7547023976
32.9	3.9039379125	3.7559364227
33	3.9044039267	3.7571161109
33.1	3.9048652847	3.7583279295
33.2	3.9053235116	3.759492505
33.3	3.9057778474	3.7606544871
33.4	3.9062290558	3.7617760955
33.5	3.9066763764	3.7629015336
33.6	3.9071198097	3.7640338041
33.7	3.9075608817	3.7650946876
33.8	3.9079973076	3.7662089026
33.9	3.9084313743	3.7672579863
34	3.9088615595	3.7683255431
34.1	3.9092886259	3.7693741129
34.2	3.9097125748	3.7704064964
34.3	3.9101334075	3.7714254202
34.4	3.9105511251	3.7724335383
34.5	3.9109657287	3.773433434
34.6	3.911377982	3.7743881837
34.7	3.9117863616	3.7753791383
34.8	3.9121923924	3.7763300178
34.9	3.9125953135	3.7772824835
35	3.9129958883	3.7781998347
35.1	3.9133933559	3.7791233677
35.2	3.9137877164	3.7800552155
35.3	3.9141797327	3.7809588525
35.4	3.9145694067	3.7818365616
35.5	3.9149567397	3.7826905682
35.6	3.9153409702	3.7835612942
35.7	3.9157220979	3.7844505936
35.8	3.9161016483	3.7852842247
35.9	3.9164788612	3.7861023678
36	3.9168529746	3.7869447799
36.1	3.9172247509	3.7877754314
36.2	3.9175949537	3.7885586144
36.3	3.9179620595	3.7893713233
36.4	3.9183275934	3.7901403724
36.5	3.9186900316	3.7909422235
36.6	3.9190508988	3.7917040415
36.7	3.9194094342	3.7924647405
36.8	3.9197656381	3.7932259172
36.9	3.9201202736	3.7939523192
37	3.9204725797	3.7946824128
37.1	3.9208225563	3.7954176743
37.2	3.9211709666	3.7961230515
37.3	3.9215170489	3.7968365765
37.4	3.9218615664	3.7975233321
37.5	3.9222037572	3.798221068
37.6	3.9225443842	3.7988950028
37.7	3.9228826856	3.7995826097
37.8	3.9232194241	3.8002492438
37.9	3.9235546007	3.8008963383
38	3.9238874536	3.8015609608
38.1	3.9242187451	3.8022086731
38.2	3.9245484762	3.8028408114
38.3	3.9248766477	3.8034586811
38.4	3.9252024974	3.8040988267
38.5	3.9255275506	3.8046919162
38.6	3.9258502834	3.8053095473
38.7	3.926171458	3.8059176988
38.8	3.9264918379	3.8064826511
38.9	3.926809899	3.8070753364
39	3.9271264034	3.8076619429
39.1	3.9274421146	3.8082089581
39.2	3.9277555082	3.808786663
39.3	3.9280673462	3.8093614557
39.4	3.928378392	3.8099000316
39.5	3.928687884	3.8104378161
39.6	3.9289958224	3.8109757678
39.7	3.9293022074	3.8115148226
39.8	3.9296078022	3.8120219524
39.9	3.9299118449	3.8125321209
40	3.9302143357	3.8130461979
40.1	3.9305152747	3.8135650325
40.2	3.9308154247	3.8140558732
40.3	3.9311140239	3.814553237
40.4	3.9314110722	3.8150579121
40.5	3.9317073326	3.8155373548
40.6	3.932002806	3.8159925309
40.7	3.9322959675	3.816490662
40.8	3.9325891045	3.8169330957
40.9	3.9328806934	3.8173868819
41	3.9331707337	3.8178526984
41.1	3.9334599881	3.8182984142
41.2	3.9337476946	3.8187575908
41.3	3.9340353787	3.8191656129
41.4	3.9343207534	3.8196211218
41.5	3.934606106	3.8200271457
41.6	3.9348899125	3.820449419
41.7	3.9351721724	3.8208885069
41.8	3.9354544111	3.8212805534
41.9	3.9357351045	3.8216907465
42	3.936015015	3.8220875689
42.1	3.9362933801	3.8225036891
42.2	3.9365717254	3.8228758496
42.3	3.9368485263	3.8232685251
42.4	3.9371245454	3.8236504684
42.5	3.9373997829	3.8240223347
42.6	3.9376734765	3.8244163204
42.7	3.9379471514	3.8247699044
42.8	3.938219283	3.8251466937
42.9	3.9384913967	3.8254844579
43	3.9387619679	3.8258464641
43.1	3.9390317587	3.8262019326
43.2	3.9393007696	3.8265514299
43.3	3.9395690009	3.8268955111
43.4	3.9398372156	3.8272037887
43.5	3.9401038891	3.8275386966
43.6	3.9403697836	3.8278697847
43.7	3.9406348993	3.8281975632
43.8	3.9408992364	3.8285225316
43.9	3.941162795	3.8288451787
44	3.9414263383	3.8291355052
44.1	3.9416883414	3.8294549762
44.2	3.9419495664	3.8297735322
44.3	3.9422107765	3.8300613658
44.4	3.9424712095	3.8303492863
44.5	3.9427308657	3.8306377237
44.6	3.9429897449	3.8309270986
44.7	3.9432478474	3.831217823
44.8	3.9435051731	3.8315102996
44.9	3.943762485	3.8317751006
45	3.944019021	3.8320425451
45.1	3.9442747811	3.8323130105
45.2	3.9445297652	3.8325868655
45.3	3.9447847364	3.8328349319
45.4	3.9450381694	3.8331166812
45.5	3.9452923522	3.8333440802
45.6	3.9455449976	3.8336058147
45.7	3.9457976305	3.8338435137
45.8	3.9460487258	3.8341160626
45.9	3.9463005715	3.8343362273
46	3.9465508801	3.8345918362
46.1	3.9468011768	3.8348250386
46.2	3.947051462	3.8350363034
46.3	3.9473002106	3.8352837993
46.4	3.9475489476	3.8355100604
46.5	3.9477976736	3.8357155337
46.6	3.9480456261	3.8359293129
46.7	3.9482928052	3.8361516597
46.8	3.9485399734	3.8363543074
46.9	3.9487863685	3.8365661322
47	3.9490319902	3.8367873773
47.1	3.9492776014	3.836989954
47.2	3.9495232025	3.8371742625
47.3	3.9497680311	3.8373688939
47.4	3.9500120869	3.8375740688
47.5	3.9502561328	3.8377619326
47.6	3.9504994062	3.8379608671
47.7	3.9507426699	3.8381431339
47.8	3.9509859243	3.8383090969
47.9	3.9512284069	3.8384869316
48	3.9514701174	3.8386768269
48.1	3.9517118186	3.8388512746
48.2	3.9519535109	3.8390106163
48.3	3.9521944317	3.8391827576
48.4	3.9524353438	3.8393403605
48.5	3.9526754844	3.8395111977
48.6	3.9529156164	3.8396680442
48.7	3.9531549771	3.8398385409
48.8	3.9533950922	3.8399683108
48.9	3.9536336738	3.8401394316
49	3.9538730098	3.8402704552
49.1	3.9541115753	3.8404160055
49.2	3.9543493699	3.8405762175
49.3	3.9545871564	3.8407242563
49.4	3.9548249351	3.8408604051
49.5	3.9550627062	3.8409849422
49.6	3.9552997071	3.8411249322
49.7	3.9555367004	3.8412537589
49.8	3.9557729235	3.8413983621
49.9	3.956009902	3.8415056177
50	3.9562461107	3.8416290534
50.1	3.9564815494	3.8417687707
50.2	3.9567177437	3.8418719785
50.3	3.9569531685	3.841991849
50.4	3.9571885864	3.8421021422
50.5	3.9574232346	3.8422293712
50.6	3.9576578759	3.842347402
50.7	3.9578925104	3.8424564655
50.8	3.9581271383	3.8425567885
50.9	3.9583617599	3.8426485946
51	3.9585956124	3.8427581001
51.1	3.9588294584	3.8428594331
51.2	3.9590632982	3.8429528068
51.3	3.9592971319	3.8430384308
51.4	3.9595301967	3.8431422894
51.5	3.9597632553	3.8432387173
51.6	3.9599963078	3.8433279145
51.7	3.9602293543	3.8434100779
51.8	3.9604623952	3.8434854012
51.9	3.9606946676	3.8435795841
52	3.960926934	3.843667216
52.1	3.9611591947	3.8437484815
52.2	3.9613914497	3.8438235625
52.3	3.9616236993	3.8438926378
52.4	3.9618559435	3.8439558833
52.5	3.9620874196	3.844038666
52.6	3.9623188901	3.8441158749
52.7	3.9625511182	3.844162588
52.8	3.9627825785	3.8442291858
52.9	3.9630140337	3.8442907054
53	3.9632447208	3.8443722427
53.1	3.9634761654	3.8444240476
53.2	3.9637076053	3.8444712459
53.3	3.9639382774	3.8445387739
53.4	3.9641689445	3.844601912
53.5	3.9644003695	3.8446361241
53.6	3.9646310272	3.8446909571
53.7	3.9648616801	3.8447418355
53.8	3.9650923283	3.8447888996
53.9	3.9653229719	3.8448322875
54	3.965552848	3.8448965706
54.1	3.9657834821	3.844932977
54.2	3.9660141119	3.8449661079
54.3	3.9662439745	3.8450203816
54.4	3.9664745954	3.8450473131
54.5	3.9667052121	3.8450713504
54.6	3.9669350618	3.8451167605
54.7	3.9671649071	3.8451594382
54.8	3.967395511	3.8451754546
54.9	3.967625348	3.8452130568
55	3.9678551808	3.8452482781
55.1	3.9680857724	3.8452573258
55.2	3.9683155973	3.8452881566
55.3	3.9685454181	3.8453169405
55.4	3.9687752349	3.8453437851
55.5	3.9690058106	3.8453450777
55.6	3.9692356199	3.8453683928
55.7	3.9694654253	3.8453900807
55.8	3.9696952269	3.8454102419
55.9	3.9699250246	3.8454289752
56	3.9701555816	3.8454228899
56.1	3.9703853722	3.8454390904
56.2	3.9706151592	3.8454541495
56.3	3.9708449425	3.8454681594
56.4	3.9710747221	3.8454812109
56.5	3.9713052611	3.8454701313
56.6	3.971535034	3.845481564
56.7	3.9717648033	3.8454923009
56.8	3.971995332	3.8454792986
56.9	3.9722250947	3.8454889282
57	3.9724548539	3.845498111
57.1	3.9726853725	3.845483932
57.2	3.9729151252	3.8454924926
57.3	3.9731456373	3.845477935
57.4	3.9733761464	3.8454633185
57.5	3.9736058896	3.8454715381
57.6	3.9738363923	3.8454569937
57.7	3.974066892	3.8454426096
57.8	3.9742973886	3.8454284562
57.9	3.9745278823	3.8454146027
58	3.974758373	3.8454011172
58.1	3.9749888607	3.8453880661
58.2	3.9752193455	3.8453755152
58.3	3.9754498272	3.8453635285
58.4	3.975680306	3.8453521692
58.5	3.9759115447	3.8453191046
58.6	3.9761420179	3.845309216
58.7	3.976373251	3.8452778259
58.8	3.9766044814	3.8452473766
58.9	3.9768349463	3.8452401538
59	3.9770661711	3.8452117259
59.1	3.9772973933	3.8451844072
59.2	3.9775286128	3.8451582519
59.3	3.9777598296	3.8451333127
59.4	3.9779918067	3.8450876181
59.5	3.9782230185	3.8450652969
59.6	3.9784549905	3.845022402
59.7	3.9786861971	3.8450028983
59.8	3.978918164	3.8449629984
59.9	3.9791501285	3.8449246818
60	3.9793820905	3.8448879946
60.1	3.97961405	3.8448529817
60.2	3.9798460071	3.8448196872
60.3	3.9800779617	3.8447881542
60.4	3.9803106767	3.844736801
60.5	3.9805426266	3.8447089472
60.6	3.9807753369	3.8446614334
60.7	3.9810080449	3.844615914
60.8	3.9812407506	3.8445724277
60.9	3.9814734541	3.8445310124
61	3.9817069182	3.8444703144
61.1	3.9819396173	3.844433181
61.2	3.9821730769	3.8443769135
61.3	3.9824057716	3.8443442038
61.4	3.9826392267	3.844292505
61.5	3.9828726797	3.8442431552
61.6	3.9831068935	3.8441750247
61.7	3.9833403425	3.8441304981
61.8	3.9835745521	3.8440673285
61.9	3.9838079969	3.8440277483
62	3.9840422023	3.8439696595
62.1	3.9842764058	3.8439141688
62.2	3.9845106071	3.843861304
62.3	3.9847455694	3.843790192
62.4	3.9849797668	3.8437426889
62.5	3.9852147251	3.8436770647
62.6	3.9854496815	3.8436142366
62.7	3.985684636	3.8435542292
62.8	3.9859195885	3.8434970663
62.9	3.9861545391	3.8434427711
63	3.9863902505	3.8433707217
63.1	3.9866259602	3.8433016491
63.2	3.9868616681	3.8432355746
63.3	3.9870973742	3.843172519
63.4	3.9873330783	3.8431125022
63.5	3.9875695435	3.8430350788
63.6	3.9878052441	3.8429812263
63.7	3.9880417056	3.8429100756
63.8	3.9882781654	3.8428421022
63.9	3.9885153863	3.8427569995
64	3.9887518428	3.8426954598
64.1	3.9889890603	3.8426168939
64.2	3.9892262761	3.8425416339
64.3	3.9894634903	3.8424696949
64.4	3.9897007028	3.8424010915
64.5	3.9899379135	3.8423358378
64.6	3.9901758854	3.8422538671
64.7	3.9904138557	3.8421753347
64.8	3.9906518244	3.8421002532
64.9	3.9908897914	3.8420286348
65	3.9911285197	3.8419405473
65.1	3.9913672465	3.8418560068
65.2	3.9916059717	3.8417750241
65.3	3.9918446955	3.8416976094
65.4	3.9920834176	3.8416237725
65.5	3.992322901	3.8415337475
65.6	3.99256162	3.841467121
65.7	3.9928011002	3.8413843909
65.8	3.9930413419	3.8412856585
65.9	3.9932808193	3.841210309
66	3.993521058	3.8411190383
66.1	3.9937612953	3.8410315221
66.2	3.9940015312	3.840947767
66.3	3.9942417656	3.8408677789
66.4	3.9944827613	3.8407720853
66.5	3.9947229929	3.8406996744
66.6	3.9949639857	3.8406116336
66.7	3.99520574	3.8405080582
66.8	3.9954467302	3.8404277405
66.9	3.9956884817	3.8403319608
67	3.995930232	3.8402400972
67.1	3.9961719809	3.8401521528
67.2	3.9964137284	3.8400681306
67.3	3.9966562373	3.8399688439
67.4	3.996898745	3.8398735415
67.5	3.9971412514	3.8397822249
67.6	3.9973837564	3.8396948958
67.7	3.9976270229	3.8395924924
67.8	3.9978702883	3.8394941354
67.9	3.9981135523	3.8393998251
68	3.9983568151	3.8393095618
68.1	3.9986000765	3.8392233455
68.2	3.9988440994	3.8391222686
68.3	3.9990881211	3.8390252938
68.4	3.9993329044	3.8389135746
68.5	3.9995769237	3.8388248261
68.6	3.9998217046	3.8387213917
68.7	4.0000664844	3.8386221097
68.8	4.0003112628	3.8385269778
68.9	4.000556803	3.8384173007
69	4.0008015791	3.8383304871
69.1	4.0010471167	3.8382291832
69.2	4.0012934161	3.8381134711
69.3	4.0015389515	3.8380205774
69.4	4.0017852486	3.8379133285
69.5	4.0020315445	3.8378103177
69.6	4.0022778393	3.8377115411
69.7	4.0025248957	3.8375985405
69.8	4.0027711882	3.8375082433
69.9	4.0030182423	3.837403772
70	4.0032660582	3.8372852048
70.1	4.0035131102	3.8371892915
70.2	4.0037609239	3.8370793301
70.3	4.0040087365	3.8369736754
70.4	4.0042565479	3.8368723213
70.5	4.0045051212	3.8367570423
70.6	4.0047536934	3.8366461045
70.7	4.0050022645	3.8365395016
70.8	4.0052508346	3.8364372267
70.9	4.0055001664	3.8363211686
71	4.0057494972	3.8362094772
71.1	4.005998827	3.8361021451
71.2	4.0062481557	3.8359991649
71.3	4.0064982462	3.8358825384
71.4	4.0067483357	3.8357703003
71.5	4.0069984242	3.8356624427
71.6	4.0072492745	3.8355410513
71.7	4.0074993609	3.8354419535
71.8	4.0077502092	3.8353293613
71.9	4.0080010564	3.8352211673
72	4.0082526654	3.8350995686
72.1	4.0085042736	3.8349824013
72.2	4.0087558808	3.8348696565
72.3	4.0090074869	3.8347613247
72.4	4.009259855	3.8346397127
72.5	4.0095122221	3.8345225453
72.6	4.0097645882	3.8344098128
72.7	4.0100169534	3.8343015053
72.8	4.0102700804	3.8341800382
72.9	4.0105232065	3.834063026
73	4.0107763317	3.8339504584
73.1	4.0110302188	3.8338248315
73.2	4.0112833421	3.8337211445
73.3	4.0115372272	3.8336044309
73.4	4.0117918744	3.8334747561
73.5	4.0120457577	3.8333669578
73.6	4.012300403	3.8332462296
73.7	4.0125550473	3.8331299692
73.8	4.0128104537	3.8330008587
73.9	4.0130650962	3.8328935224
74	4.0133205007	3.8327733659
74.1	4.0135766672	3.8326404525
74.2	4.01383207	3.8325292479
74.3	4.0140882347	3.8324053152
74.4	4.0143443985	3.8322858659
74.5	4.0146005615	3.8321708882
74.6	4.0148574864	3.8320432724
74.7	4.0151144105	3.8319201515
74.8	4.0153713337	3.8318015132
74.9	4.015629019	3.8316703251
75	4.0158859405	3.8315606364
75.1	4.0161436239	3.8314384241
75.2	4.0164020695	3.8313037482
75.3	4.0166597513	3.8311905043
75.4	4.0169181951	3.831064822
75.5	4.0171766381	3.8309436278
75.6	4.0174358431	3.8308100669
75.7	4.0176942844	3.8306978313
75.8	4.0179534877	3.830573253
75.9	4.0182134531	3.8304363902
76	4.0184726549	3.8303207841
76.1	4.0187326186	3.8301929167
76.2	4.0189925816	3.8300695373
76.3	4.0192533066	3.8299339654
76.4	4.019513268	3.8298195424
76.5	4.0197739913	3.8296929491
76.6	4.0200354768	3.8295542419
76.7	4.0202961987	3.829436614
76.8	4.0205576826	3.8293068936
76.9	4.0208191657	3.8291816561
77	4.0210806479	3.8290608873
77.1	4.0213428923	3.8289281025
77.2	4.0216051359	3.8287998034
77.3	4.0218673787	3.8286759758
77.4	4.0221303836	3.828540207
77.5	4.0223933878	3.8284089259
77.6	4.0226563913	3.8282821179
77.7	4.0229193939	3.8281597688
77.8	4.0231831587	3.8280255615
77.9	4.0234469227	3.8278958283
78	4.0237106859	3.8277705547
78.1	4.0239752113	3.8276334949
78.2	4.024238973	3.827517117
78.3	4.0245042597	3.8273727867
78.4	4.0247687828	3.8272491055
78.5	4.0250340681	3.8271137174
78.6	4.0252993526	3.8269827881
78.7	4.0255646364	3.8268563027
78.8	4.0258299194	3.8267342465
78.9	4.0260959645	3.8266005605
79	4.0263620089	3.826471317
79.1	4.0266288154	3.8263305034
79.2	4.0268956213	3.8261941451
79.3	4.0271624265	3.8260622271
79.4	4.027429231	3.8259347342
79.5	4.0276960346	3.8258116513
79.6	4.0279636004	3.8256770802
79.7	4.0282311655	3.8255469314
79.8	4.0284994928	3.825405352
79.9	4.0287678195	3.8252682068
80	4.0290361454	3.8251354802
80.1	4.0293044706	3.825007157
80.2	4.029573558	3.8248674746
80.3	4.0298418818	3.8247479317
80.4	4.0301117307	3.8246013413
80.5	4.030380816	3.8244748566
80.6	4.0306506635	3.8243370826
80.7	4.0309205103	3.8242037031
80.8	4.0311903564	3.8240747028
80.9	4.0314609646	3.8239344748
81	4.0317315723	3.8237986362
81.1	4.0320021792	3.8236671716
81.2	4.0322735483	3.82352454
81.3	4.0325441539	3.8234017958
81.4	4.0328155217	3.8232678973
81.5	4.0330876516	3.8231228916
81.6	4.033359781	3.8229822638
81.7	4.0336311468	3.8228614147
81.8	4.0339040376	3.8227140819
81.9	4.0341761649	3.8225864939
82	4.0344490545	3.8224478693
82.1	4.0347219433	3.8223135849
82.2	4.0349955944	3.822168316
82.3	4.035268482	3.8220426835
82.4	4.0355421318	3.8219060779
82.5	4.0358165438	3.8217585448
82.6	4.0360901923	3.8216305772
82.7	4.036364603	3.8214916931
82.8	4.036639013	3.8213571192
82.9	4.0369141853	3.8212116793
83	4.037189357	3.8210705578
83.1	4.0374645281	3.8209337389
83.2	4.0377396986	3.8208012068
83.3	4.0380156312	3.8206578692
83.4	4.0382915633	3.8205188263
83.5	4.0385674947	3.8203840623
83.6	4.0388434255	3.8202535615
83.7	4.0391201185	3.8201123146
83.8	4.0393968108	3.8199753384
83.9	4.0396742654	3.8198276646
84	4.0399509566	3.8196992008
84.1	4.0402284099	3.8195600492
84.2	4.0405066256	3.8194102528
84.3	4.0407840777	3.8192795966
84.4	4.0410622922	3.819138305
84.5	4.0413405059	3.8190012513
84.6	4.041619482	3.8188536097
84.7	4.0418976946	3.8187250024
84.8	4.0421766694	3.8185858163
84.9	4.0424564065	3.8184360938
85	4.0427353801	3.8183053361
85.1	4.043015116	3.8181640509
85.2	4.0432956142	3.8180122801
85.3	4.0435753489	3.8178794048
85.4	4.0438558459	3.8177360525
85.5	4.0441363423	3.8175968949
85.6	4.0444168381	3.8174619162
85.7	4.0446980962	3.8173165105
85.8	4.0449793537	3.8171752899
85.9	4.0452606106	3.8170382387
86	4.0455426297	3.8168908099
86.1	4.0458246484	3.8167475564
86.2	4.0461066664	3.8166084627
86.3	4.0463886838	3.8164735133
86.4	4.0466714635	3.8163282389
86.5	4.0469542427	3.8161871144
86.6	4.0472370212	3.8160501244
86.7	4.0475205621	3.8159028577
86.8	4.0478041024	3.8157597309
86.9	4.0480876421	3.8156207285
87	4.0483719441	3.8154714971
87.1	4.0486554826	3.8153407145
87.2	4.0489405464	3.8151854102
87.3	4.0492248467	3.815048522
87.4	4.0495099094	3.8149014553
87.5	4.0497949715	3.8147584928
87.6	4.050080033	3.8146196192
87.7	4.0503650939	3.8144848191
87.8	4.0506509171	3.8143398907
87.9	4.0509367397	3.8141990409
88	4.0512233247	3.8140481052
88.1	4.0515099091	3.8139012531
88.2	4.051796493	3.8137584692
88.3	4.0520830764	3.8136197382
88.4	4.0523704221	3.8134709704
88.5	4.0526577672	3.8133262604
88.6	4.0529451118	3.8131855929
88.7	4.0532324557	3.813048953
88.8	4.0535205621	3.8129023245
88.9	4.0538086678	3.8127597282
89	4.0540975359	3.8126071846
89.1	4.0543856406	3.8124726237
89.2	4.0546745076	3.8123281221
89.3	4.054963374	3.812187627
89.4	4.0552530028	3.8120372321
89.5	4.0555426311	3.8118908482
89.6	4.0558322588	3.8117484604
89.7	4.0561226489	3.8115962163
89.8	4.0564122756	3.8114617919
89.9	4.0567026646	3.8113175175
90	4.0569938159	3.8111634303
90.1	4.0572842039	3.8110270983
90.2	4.0575753541	3.8108809595
90.3	4.0578665038	3.8107387808
90.4	4.0581584159	3.810586835
90.5	4.0584503275	3.8104388534
90.6	4.0587422386	3.8102948212
90.7	4.0590341491	3.8101547237
90.8	4.059326822	3.8100049045
90.9	4.0596194944	3.8098590242
91	4.0599121662	3.809717068
91.1	4.0602056004	3.8095654322
91.2	4.0604990341	3.8094177245
91.3	4.0607924673	3.8092739304
91.4	4.0610859	3.8091340353
91.5	4.061380095	3.8089845051
91.6	4.0616742895	3.8088388779
91.7	4.0619684834	3.8086971391
91.8	4.0622634398	3.8085458066
91.9	4.0625583956	3.8083983664
92	4.0628533509	3.8082548042
92.1	4.0631490687	3.8081016892
92.2	4.0634447859	3.8079524558
92.3	4.0637405026	3.8078070899
92.4	4.0640362188	3.8076655771
92.5	4.0643326974	3.8075145547
92.6	4.0646291755	3.8073673892
92.7	4.0649256531	3.8072240664
92.8	4.065222893	3.8070712743
92.9	4.0655201325	3.8069223285
93	4.0658173715	3.8067772149
93.1	4.06611461	3.8066359193
93.2	4.0664126108	3.8064851971
93.3	4.0667106111	3.8063382966
93.4	4.067008611	3.8061952038
93.5	4.0673073732	3.8060427239
93.6	4.067606135	3.8058940553
93.7	4.0679048962	3.805749184
93.8	4.0682044199	3.805594965
93.9	4.0685039431	3.8054445468
94	4.0688034658	3.8052979157
94.1	4.069102988	3.8051550577
94.2	4.0694032726	3.8050028935
94.3	4.0697035567	3.8048545059
94.4	4.0700038404	3.8047098813
94.5	4.0703048864	3.804555989
94.6	4.070605932	3.8044058633
94.7	4.0709069771	3.8042594902
94.8	4.0712080217	3.8041168561
94.9	4.0715098286	3.8039649954
95	4.0718116352	3.8038168772
95.1	4.0721142041	3.8036595681
95.2	4.0724160097	3.8035189088
95.3	4.0727185777	3.8033690635
95.4	4.0730219081	3.803210065
95.5	4.0733244752	3.8030676584
95.6	4.0736278046	3.8029161036
95.7	4.0739311336	3.8027682576
95.8	4.0742352251	3.8026112985
95.9	4.0745385532	3.8024708444
96	4.0748426436	3.8023212821
96.1	4.0751474965	3.802162644
96.2	4.0754515861	3.8020204538
96.3	4.0757564381	3.8018691926
96.4	4.0760612896	3.801721607
96.5	4.0763669035	3.8015649852
96.6	4.0766725171	3.8014120424
96.7	4.0769781301	3.8012627655
96.8	4.0772837427	3.8011171413
96.9	4.0775901177	3.8009625199
97	4.0778964923	3.8008115547
97.1	4.0782028664	3.8006642324
97.2	4.0785100029	3.8005079496
97.3	4.078817139	3.8003553132
97.4	4.0791242747	3.8002063101
97.5	4.0794314099	3.8000609275
97.6	4.0797393075	3.799906623
97.7	4.0800472047	3.7997559422
97.8	4.0803558643	3.7995963734
97.9	4.0806637606	3.7994529154
98	4.0809724194	3.7993005741
98.1	4.0812810776	3.7991518341
98.2	4.0815904984	3.7989942443
98.3	4.0818999187	3.7988402592
98.4	4.0822093386	3.7986898661
98.5	4.082518758	3.7985430523
98.6	4.0828289399	3.7983874266
98.7	4.0831391213	3.7982353835
98.8	4.0834493023	3.7980869105
98.9	4.0837602457	3.797929661
99	4.0840711888	3.7977759848
99.1	4.0843821314	3.7976258694
99.2	4.0846938364	3.7974670127
99.3	4.0850047782	3.7973239951
99.4	4.0853164823	3.7971722407
99.5	4.085628949	3.79701178
99.6	4.0859414152	3.7968548742
99.7	4.086253881	3.7967015109
99.8	4.0865663464	3.7965516779
99.9	4.0868788114	3.7964053628
100	4.0871920388	3.7962503806
100.1	4.0875052657	3.7960989197
100.2	4.0878192552	3.795938824
100.3	4.0881332442	3.7957822529
100.4	4.0884472329	3.7956291941
100.5	4.0887612211	3.7954796355
100.6	4.0890759718	3.7953214787
100.7	4.089390722	3.7951668255
100.8	4.0897054719	3.7950156636
100.9	4.0900202213	3.7948679811
101	4.0903357332	3.7947117369
101.1	4.0906512446	3.7945589754
101.2	4.0909675186	3.794397684
101.3	4.0912837922	3.7942398785
101.4	4.0916000654	3.794085547
101.5	4.0919163381	3.7939346777
101.6	4.0922333734	3.7937753144
101.7	4.0925496453	3.7936313469
101.8	4.0928674426	3.7934669735
101.9	4.0931844766	3.7933179712
102	4.0935022731	3.7931605107
102.1	4.0938200692	3.7930064954
102.2	4.0941386278	3.7928440531
102.3	4.0944564231	3.7926969059
102.4	4.0947749808	3.7925413361
102.5	4.0950943011	3.7923773726
102.6	4.0954128581	3.7922286542
102.7	4.0957321776	3.7920715466
102.8	4.0960514967	3.7919178558
102.9	4.0963715783	3.7917558066
103	4.0966916595	3.7915971776
103.1	4.0970117403	3.7914419572
103.2	4.0973318207	3.7912901342
103.3	4.0976526637	3.7911299877
103.4	4.0979735062	3.7909732418
103.5	4.0982943483	3.7908198851
103.6	4.098615953	3.7906582376
103.7	4.0989367943	3.7905116378
103.8	4.0992591611	3.79034511
103.9	4.0995807646	3.7901936062
104	4.0999031306	3.7900338463
104.1	4.1002254962	3.7898774598
104.2	4.1005478614	3.7897244353
104.3	4.1008709892	3.7895631871
104.4	4.1011941165	3.7894053043
104.5	4.1015172435	3.7892507758
104.6	4.101841133	3.7890880558
104.7	4.1021650221	3.7889286933
104.8	4.1024889109	3.7887726775
104.9	4.1028127993	3.7886199971
105	4.1031374501	3.7884591594
105.1	4.1034621006	3.7883016606
105.2	4.1037875137	3.788136034
105.3	4.1041121635	3.7879851923
105.4	4.1044375758	3.7878262271
105.5	4.1047629877	3.7876705823
105.6	4.1050891621	3.7875068437
105.7	4.1054153362	3.7873464288
105.8	4.10574151	3.7871893268
105.9	4.1060684462	3.7870241624
106	4.1063946192	3.7868736659
106.1	4.1067215547	3.7867151114
106.2	4.1070492528	3.7865485258
106.3	4.1073761876	3.786396562
106.4	4.1077038849	3.7862365715
106.5	4.1080323448	3.7860685812
106.6	4.1083600414	3.7859151669
106.7	4.1086885006	3.7857537571
106.8	4.1090169594	3.7855956276
106.9	4.1093461808	3.7854295314
107	4.1096746388	3.7852779425
107.1	4.1100046224	3.7851071802
107.2	4.1103338427	3.7849509034
107.3	4.1106638255	3.7847866929
107.4	4.1109938081	3.7846257483
107.5	4.1113237902	3.7844680594
107.6	4.111653772	3.7843136156
107.7	4.1119845163	3.784151271
107.8	4.1123152603	3.7839921751
107.9	4.1126467668	3.7838252068
108	4.112978273	3.7836614905
108.1	4.1133097788	3.7835010158
108.2	4.1136412844	3.7833437726
108.3	4.1139735524	3.7831786895
108.4	4.1143058201	3.7830168413
108.5	4.1146380875	3.7828582177
108.6	4.1149711175	3.7826917845
108.7	4.1153041471	3.7825285794
108.8	4.1156371764	3.7823685921
108.9	4.1159702053	3.7822118125
109	4.1163039967	3.7820472557
109.1	4.1166377879	3.7818859101
109.2	4.1169723416	3.781716815
109.3	4.117306895	3.7815509346
109.4	4.1176414481	3.7813882587
109.5	4.1179760009	3.7812287773
109.6	4.1183113162	3.7810615785
109.7	4.1186458683	3.7809084676
109.8	4.1189819458	3.7807367656
109.9	4.1193172601	3.7805791309
110	4.119653337	3.7804138106
110.1	4.1199894136	3.7802516718
110.2	4.1203262527	3.7800818748
110.3	4.1206623286	3.7799260809
110.4	4.1209991671	3.7797626331
110.5	4.1213367682	3.7795915563
110.6	4.121674369	3.7794236582
110.7	4.1220119694	3.7792589289
110.8	4.1223495696	3.7790973588
110.9	4.1226871694	3.7789389381
111	4.1230255318	3.778772922
111.1	4.1233638938	3.7786100589
111.2	4.1237030185	3.7784396274
111.3	4.1240421428	3.7782723522
111.4	4.1243812669	3.7781082237
111.5	4.1247203906	3.7779472325
111.6	4.1250602769	3.7777787039
111.7	4.1254001629	3.7776133159
111.8	4.1257400486	3.777451059
111.9	4.1260806969	3.7772812936
112	4.1264213449	3.7771146628
112.1	4.1267619925	3.7769511571
112.2	4.1271034028	3.7767801716
112.3	4.1274448128	3.7766123146
112.4	4.1277862225	3.7764475767
112.5	4.1281276319	3.7762859486
112.6	4.1284698038	3.7761168713
112.7	4.1288119755	3.7759509072
112.8	4.1291549098	3.7757775204
112.9	4.1294970809	3.7756177655
113	4.1298400145	3.7754505919
113.1	4.1301837108	3.7752760239
113.2	4.1305266439	3.7751150479
113.3	4.1308703396	3.7749466816
113.4	4.131214035	3.7747814076
113.5	4.131558493	3.7746087693
113.6	4.1319029507	3.7744392267
113.7	4.1322474082	3.7742727708
113.8	4.1325918653	3.7741093924
113.9	4.132937085	3.7739386798
114	4.1332823045	3.7737710482
114.1	4.1336282866	3.7735961081
114.2	4.1339735055	3.7734346216
114.3	4.134319487	3.7732658309
114.4	4.1346662311	3.7730897596
114.5	4.135012212	3.7729271029
114.6	4.1353589556	3.7727571697
114.7	4.1357064618	3.7725799836
114.8	4.1360532048	3.7724161734
114.9	4.1364007104	3.7722451144
115	4.1367482158	3.7720771107
115.1	4.1370964838	3.7719018835
115.2	4.1374447515	3.7717297152
115.3	4.137793019	3.7715605967
115.4	4.1381412861	3.7713945193
115.5	4.1384903159	3.7712212479
115.6	4.1388393454	3.771051021
115.7	4.1391883747	3.7708838298
115.8	4.1395381666	3.7707094718
115.9	4.1398879582	3.7705381531
116	4.1402377495	3.7703698647
116.1	4.1405883035	3.7701944367
116.2	4.1409388572	3.7700220426
116.3	4.1412894107	3.7698526737
116.4	4.1416399638	3.7696863214
116.5	4.1419912796	3.7695128583
116.6	4.1423425952	3.7693424153
116.7	4.1426946734	3.7691648865
116.8	4.1430467513	3.7689903811
116.9	4.143398829	3.7688188905
117	4.1437509064	3.7686504062
117.1	4.1441037465	3.7684748649
117.2	4.1444565863	3.7683023332
117.3	4.1448094258	3.7681328028
117.4	4.145163028	3.7679562419
117.5	4.14551663	3.7677826856
117.6	4.1458702317	3.7676121256
117.7	4.146224596	3.7674345615
117.8	4.1465789601	3.767259997
117.9	4.146933324	3.7670884238
118	4.1472884505	3.7669098729
118.1	4.1476428138	3.7667442666
118.2	4.1479987027	3.7665617471
118.3	4.1483538285	3.7663921549
118.4	4.1487097169	3.7662156133
118.5	4.1490656051	3.7660420531
118.6	4.1494222559	3.7658615675
118.7	4.1497781436	3.7656939547
118.8	4.1501347939	3.7655194207
118.9	4.1504922069	3.7653379873
119	4.1508488568	3.7651693911
119.1	4.1512062693	3.7649938995
119.2	4.1515644445	3.7648115346
119.3	4.1519218566	3.7646419713
119.4	4.1522800313	3.7644655386
119.5	4.1526389687	3.7642822582
119.6	4.1529971429	3.7641117442
119.7	4.1533560798	3.7639343865
119.8	4.1537150165	3.7637599828
119.9	4.1540747159	3.7635787589
120	4.154434415	3.7634004925
120.1	4.1547941139	3.7632251752
120.2	4.1551538126	3.7630527992
120.3	4.1555142739	3.7628736306
120.4	4.155874735	3.7626974066
120.5	4.1562359588	3.7625144134
120.6	4.1565971824	3.7623343682
120.7	4.1569584058	3.762157263
120.8	4.1573196289	3.7619830899
120.9	4.1576816147	3.7618021748
121	4.1580436003	3.7616241951
121.1	4.1584055857	3.7614491429
121.2	4.1587683337	3.7612673739
121.3	4.1591310816	3.7610885358
121.4	4.1594938292	3.7609126207
121.5	4.1598573395	3.7607300139
121.6	4.1602208496	3.7605503334
121.7	4.1605843594	3.7603735714
121.8	4.160948632	3.7601901427
121.9	4.1613129044	3.7600096357
122	4.1616771765	3.7598320429
122.1	4.1620422114	3.7596478081
122.2	4.162407246	3.7594664907
122.3	4.1627722805	3.7592880829
122.4	4.1631373147	3.7591125771
122.5	4.1635031116	3.7589304559
122.6	4.1638689083	3.75875124
122.7	4.1642354677	3.7585654313
122.8	4.1646020269	3.7583825313
122.9	4.1649685859	3.7582025323
123	4.1653351446	3.7580254265
123.1	4.1657024661	3.7578417544
123.2	4.1660697874	3.7576609789
123.3	4.1664378714	3.7574736596
123.4	4.1668051923	3.7572986635
123.5	4.1671732759	3.7571171274
123.6	4.1675421222	3.7569290717
123.7	4.1679109683	3.7567439116
123.8	4.1682798142	3.7565616396
123.9	4.16864866	3.7563822482
124	4.1690182684	3.7561963631
124.1	4.1693878767	3.7560133619
124.2	4.1697574847	3.7558332371
124.3	4.1701278555	3.7556466426
124.4	4.170498226	3.7554629278
124.5	4.1708685964	3.7552820853
124.6	4.1712397295	3.755094797
124.7	4.1716108624	3.7549103842
124.8	4.1719819952	3.7547288395
124.9	4.1723538906	3.7545408729
125	4.1727257859	3.7543557776
125.1	4.173097681	3.7541735463
125.2	4.1734703388	3.7539849168
125.3	4.1738422335	3.7538084001
125.4	4.1742156538	3.7536162526
125.5	4.174588311	3.7534362027
125.6	4.174961731	3.7532497801
125.7	4.1753359137	3.7530570045
125.8	4.1757093334	3.752876295
125.9	4.1760835157	3.7526892362
126	4.1764576979	3.7525050292
126.1	4.1768326428	3.7523144944
126.2	4.1772075875	3.7521268146
126.3	4.1775825321	3.7519419827
126.4	4.1779574765	3.7517599913
126.5	4.1783331836	3.7515716973
126.6	4.1787096534	3.7513771201
126.7	4.1790853602	3.7511945151
126.8	4.1794618297	3.7510056306
126.9	4.1798382991	3.7508195859
127	4.1802155312	3.750627283
127.1	4.1805927631	3.7504378231
127.2	4.1809699949	3.7502511992
127.3	4.1813472265	3.7500674041
127.4	4.1817252208	3.7498773755
127.5	4.182103215	3.7496901789
127.6	4.1824819719	3.7494967698
127.7	4.1828607287	3.7493061959
127.8	4.1832394853	3.7491184502
127.9	4.1836182417	3.7489335256
128	4.1839977609	3.748742413
128.1	4.1843772799	3.7485541247
128.2	4.1847575617	3.7483596693
128.3	4.1851378433	3.7481680413
128.4	4.1855181248	3.7479792338
128.5	4.1858984061	3.7477932398
128.6	4.1862794502	3.747601103
128.7	4.1866604941	3.7474117828
128.8	4.1870423007	3.7472163405
128.9	4.1874241073	3.7470237179
129	4.1878059136	3.7468339082
129.1	4.1881877198	3.7466469045
129.2	4.1885702888	3.7464538027
129.3	4.1889536206	3.7462546214
129.4	4.1893361893	3.7460671392
129.5	4.1897195207	3.7458735811
129.6	4.190102852	3.7456828283
129.7	4.1904869461	3.74548602
129.8	4.1908702771	3.7453008657
129.9	4.1912551338	3.7451008223
130	4.1916392275	3.744912419
130.1	4.1920240839	3.7447179838
130.2	4.1924089402	3.7445263467
130.3	4.1927945592	3.7443286978
130.4	4.1931801781	3.74413385
130.5	4.1935657969	3.7439417965
130.6	4.1939514155	3.7437525305
130.7	4.1943377969	3.7435572765
130.8	4.1947249411	3.7433560526
130.9	4.1951113223	3.7431663811
131	4.1954984662	3.7429707432
131.1	4.19588561	3.7427778923
131.2	4.1962735165	3.742579095
131.3	4.196661423	3.7423830876
131.4	4.1970493293	3.7421898637
131.5	4.1974379984	3.7419907147
131.6	4.1978266673	3.7417943522
131.7	4.1982153362	3.7416007693
131.8	4.1986047678	3.741401283
131.9	4.1989941993	3.7412045794
132	4.1993836307	3.741010652
132.1	4.1997738248	3.7408108424
132.2	4.2001640189	3.7406138119
132.3	4.2005542128	3.7404195541
132.4	4.2009451695	3.7402194353
132.5	4.2013361261	3.7400220921
132.6	4.2017270825	3.7398275179
132.7	4.2021188018	3.7396271039
132.8	4.2025105209	3.7394294619
132.9	4.20290224	3.7392345855
133	4.2032947218	3.7390338903
133.1	4.2036872035	3.7388359635
133.2	4.204079685	3.7386407988
133.3	4.2044729294	3.7384398363
133.4	4.2048661737	3.7382416387
133.5	4.2052601808	3.7380376625
133.6	4.2056534248	3.7378449832
133.7	4.2060481945	3.7376380077
133.8	4.2064422013	3.7374423159
133.9	4.2068369708	3.7372408678
134	4.2072317402	3.7370421778
134.1	4.2076272725	3.7368377505
134.2	4.2080220417	3.736644565
134.3	4.2084183366	3.7364371727
134.4	4.2088138685	3.736241009
134.5	4.2092101632	3.7360391303
134.6	4.2096064579	3.7358400026
134.7	4.2100035153	3.7356351788
134.8	4.2104005726	3.735433109
134.9	4.2107976298	3.7352337868
135	4.2111954499	3.7350287888
135.1	4.2115932698	3.7348265413
135.2	4.2119910897	3.7346270381
135.3	4.2123896723	3.7344218794
135.4	4.2127882549	3.7342194677
135.5	4.2131868373	3.7340197969
135.6	4.2135861826	3.7338144908
135.7	4.2139855278	3.7336119283
135.8	4.2143856358	3.7334037492
135.9	4.2147849808	3.7332066628
136	4.2151858516	3.7329956245
136.1	4.2155859593	3.7327956661
136.2	4.2159868299	3.7325901126
136.3	4.2163877003	3.7323872959
136.4	4.2167893336	3.7321789026
136.5	4.2171902039	3.7319815486
136.6	4.2175925999	3.731770329
136.7	4.217994233	3.7315701362
136.8	4.2183966288	3.731364388
136.9	4.2187997875	3.7311531012
137	4.2192021832	3.7309528145
137.1	4.2196053417	3.7307469923
137.2	4.2200092631	3.7305356512
137.3	4.2204124214	3.7303352838
137.4	4.2208163426	3.7301294005
137.5	4.2212210267	3.7299180179
137.6	4.2216249477	3.7297175828
137.7	4.2220303945	3.7295034439
137.8	4.2224350782	3.72930024
137.9	4.2228405249	3.7290915577
138	4.2232459714	3.7288855984
138.1	4.2236521808	3.7286741786
138.2	4.2240583902	3.7284654845
138.3	4.2244645994	3.72825951
138.4	4.2248708086	3.728056249
138.5	4.2252777806	3.7278475485
138.6	4.2256855154	3.7276334246
138.7	4.2260924873	3.7274301579
138.8	4.226500222	3.7272214708
138.9	4.2269087196	3.7270073796
139	4.2273172171	3.7267960101
139.1	4.2277257145	3.7265873562
139.2	4.2281342119	3.7263814122
139.3	4.2285434721	3.7261700845
139.4	4.2289527322	3.7259614692
139.5	4.2293627552	3.7257474879
139.6	4.2297727781	3.7255362217
139.7	4.230182801	3.7253276646
139.8	4.2305928238	3.7251218108
139.9	4.2310036095	3.7249106113
140	4.231415158	3.724694082
140.1	4.2318267064	3.7244802672
140.2	4.2322382549	3.7242691608
140.3	4.2326498032	3.7240607572
140.4	4.2330621144	3.723847044
140.5	4.2334744256	3.723636036
140.6	4.2338867366	3.7234277275
140.7	4.2342998106	3.7232141281
140.8	4.2347136474	3.7229952536
140.9	4.2351267212	3.7227870594
141	4.2355405579	3.722573593
141.1	4.2359543946	3.7223628254
141.2	4.2363689941	3.7221468025
141.3	4.2367835935	3.721933481
141.4	4.2371989559	3.7217149213
141.5	4.2376135552	3.7215069922
141.6	4.2380289175	3.7212938277
141.7	4.2384450426	3.7210754433
141.8	4.2388611676	3.7208597597
141.9	4.2392772926	3.720646771
142	4.2396941805	3.7204285807
142.1	4.2401110684	3.7202130879
142.2	4.2405279562	3.7200002868
142.3	4.2409456069	3.7197823023
142.4	4.2413632575	3.7195670121
142.5	4.2417809081	3.7193544104
142.6	4.2421993216	3.7191366435
142.7	4.242617735	3.7189215676
142.8	4.2430361484	3.7187091771
142.9	4.2434553246	3.7184916394
143	4.2438752638	3.7182689696
143.1	4.2442944399	3.7180568088
143.2	4.244714379	3.7178395186
143.3	4.245135081	3.7176171143
143.4	4.2455550199	3.7174051946
143.5	4.2459757218	3.7171881636
143.6	4.2463971866	3.7169660362
143.7	4.2468186513	3.7167465984
143.8	4.247240116	3.7165298446
143.9	4.2476615807	3.7163157691
144	4.2480838082	3.7160966165
144.1	4.2485067987	3.7158724015
144.2	4.2489290262	3.7156586115
144.3	4.2493527795	3.7154320327
144.4	4.2497757698	3.7152158675
144.5	4.2501995231	3.7149946589
144.6	4.2506232763	3.7147761303
144.7	4.2510470295	3.7145602763
144.8	4.2514715456	3.7143393965
144.9	4.2518968246	3.7141135055
145	4.2523213406	3.7138979806
145.1	4.2527466196	3.7136774472
145.2	4.2531726614	3.7134519201
145.3	4.2535987032	3.7132290746
145.4	4.254024745	3.7130089053
145.5	4.2544507868	3.7127914067
145.6	4.2548775915	3.7125689329
145.7	4.2553043961	3.7123491321
145.8	4.2557319637	3.7121243722
145.9	4.2561595312	3.7119022875
146	4.2565870988	3.7116828728
146.1	4.2570154292	3.7114585159
146.2	4.2574437596	3.7112368313
146.3	4.2578728529	3.7110102204
146.4	4.2583019462	3.7107862839
146.5	4.2587310395	3.7105650166
146.6	4.2591608957	3.7103388399
146.7	4.2595907519	3.7101153346
146.8	4.2600206081	3.7098944953
146.9	4.2604512272	3.7096687636
147	4.2608818463	3.7094457001
147.1	4.2613132283	3.7092177598
147.2	4.2617446103	3.70899249
147.3	4.2621759923	3.7087698853
147.4	4.2626081372	3.7085424206
147.5	4.2630402821	3.7083176233
147.6	4.263472427	3.708095488
147.7	4.2639053348	3.7078685094
147.8	4.2643382426	3.707644195
147.9	4.2647719133	3.7074150528
148	4.265205584	3.707188577
148.1	4.2656392547	3.7069647623
148.2	4.2660736883	3.7067361363
148.3	4.266508122	3.7065101737
148.4	4.2669425556	3.7062868691
148.5	4.2673777522	3.7060587697
148.6	4.2678137116	3.7058258894
148.7	4.2682489082	3.7056031115
148.8	4.2686848677	3.7053755552
148.9	4.2691215901	3.7051432343
149	4.2695575496	3.7049209933
149.1	4.2699950349	3.7046865814
149.2	4.2704317573	3.7044622386
149.3	4.2708692427	3.7042331488
149.4	4.2713067281	3.7040067152
149.5	4.2717449763	3.7037755497
149.6	4.2721832246	3.7035470426
149.7	4.2726222359	3.7033138185
149.8	4.2730612471	3.7030832549
149.9	4.2735002584	3.7028553466
150	4.2739392696	3.7026300883
150.1	4.2743790438	3.7024001304
150.2	4.2748195809	3.7021654864
150.3	4.2752601181	3.701933502
150.4	4.2757006553	3.7017041718
150.5	4.2761411924	3.7014774908
150.6	4.2765824925	3.7012461409
150.7	4.2770245556	3.7010101357
150.8	4.2774658557	3.7007840891
150.9	4.2779086817	3.7005460957
151	4.2783507448	3.7003180503
151.1	4.2787935709	3.7000853667
151.2	4.2792363969	3.6998553332
151.3	4.2796799859	3.6996206761
151.4	4.2801235749	3.6993886712
151.5	4.280567164	3.6991593134
151.6	4.281011516	3.6989253476
151.7	4.2814566309	3.6986867873
151.8	4.2819009829	3.6984581208
151.9	4.2823460979	3.6982248619
152	4.2827919759	3.697987024
152.1	4.2832370909	3.6977590582
152.2	4.2836837318	3.6975193029
152.3	4.2841296098	3.6972894093
152.4	4.2845762507	3.6970549533
152.5	4.2850236547	3.6968159482
152.6	4.2854702957	3.6965867831
152.7	4.2859184626	3.6963458893
152.8	4.2863658666	3.6961148251
152.9	4.2868140335	3.6958792284
153	4.2872622005	3.6956462755
153.1	4.2877111304	3.6954088042
153.2	4.2881600604	3.6951739787
153.3	4.2886097533	3.6949346491
153.4	4.2890594463	3.6946979672
153.5	4.2895091393	3.6944639282
153.6	4.2899595952	3.6942254001
153.7	4.2904100512	3.6939895167
153.8	4.2908605072	3.693756273
153.9	4.2913117262	3.6935185555
154	4.2917637081	3.693276377
154.1	4.2922149272	3.6930439436
154.2	4.2926669092	3.6928070513
154.3	4.2931196542	3.6925657132
154.4	4.2935723992	3.6923270205
154.5	4.2940251443	3.6920909683
154.6	4.2944786523	3.6918504851
154.7	4.2949321604	3.6916126442
154.8	4.2953856685	3.6913774408
154.9	4.2958399396	3.6911378213
155	4.2962942107	3.690900841
155.1	4.2967492448	3.6906594585
155.2	4.2972042789	3.6904207172
155.3	4.297660076	3.6901775873
155.4	4.2981158732	3.6899371005
155.5	4.2985716704	3.6896992516
155.6	4.2990282305	3.689457029
155.7	4.2994847908	3.6892174462
155.8	4.299941351	3.6889804984
155.9	4.3003986743	3.6887391915
156	4.3008559976	3.6885005213
156.1	4.3013140838	3.6882575057
156.2	4.3017721701	3.6880171287
156.3	4.3022310194	3.6877724197
156.4	4.3026898688	3.6875303511
156.5	4.3031487182	3.687290918
156.6	4.3036083306	3.6870471674
156.7	4.304067943	3.6868060541
156.8	4.3045275555	3.6865675732
156.9	4.3049879309	3.6863247894
157	4.3054490694	3.6860777149
157.1	4.3059094449	3.6858402002
157.2	4.3063713464	3.6855914836
157.3	4.3068324851	3.685352317
157.4	4.3072943867	3.685108875
157.5	4.3077562883	3.6848680659
157.6	4.3082189529	3.6846229948
157.7	4.3086816176	3.6843805583
157.8	4.3091450453	3.6841338731
157.9	4.3096084731	3.6838898242
158	4.3100719009	3.6836484067
158.1	4.3105360917	3.6834027547
158.2	4.3110002825	3.6831597358
158.3	4.3114652364	3.6829124956
158.4	4.3119301903	3.6826678902
158.5	4.3123959072	3.6824190765
158.6	4.3128608612	3.6821797321
158.7	4.3133273412	3.6819293542
158.8	4.3137930583	3.6816884359
158.9	4.3142595384	3.6814433242
159	4.3147267815	3.6811940312
159.1	4.3151940246	3.6809473733
159.2	4.3156612678	3.6807033457
159.3	4.316129274	3.6804551507
159.4	4.3165972803	3.6802095878
159.5	4.3170660496	3.6799598702
159.6	4.317534819	3.6797127864
159.7	4.3180035884	3.6794683314
159.8	4.3184731208	3.6792197357
159.9	4.3189426533	3.6789737706
160	4.3194129488	3.6787236774
160.1	4.3198832444	3.6784762165
160.2	4.3203535401	3.678231383
160.3	4.3208245987	3.6779824352
160.4	4.3212956574	3.6777361164
160.5	4.3217674791	3.6774856961
160.6	4.3222393009	3.6772379064
160.7	4.3227118857	3.6769860279
160.8	4.3231844706	3.6767367815
160.9	4.3236570556	3.6764901627
161	4.3241304035	3.6762394685
161.1	4.3246037516	3.6759914034
161.2	4.3250770997	3.6757459628
161.3	4.3255519738	3.6754897784
161.4	4.326026085	3.6752429072
161.5	4.3265009592	3.6749919865
161.6	4.3269758335	3.6747436934
161.7	4.3274514708	3.6744913634
161.8	4.3279271082	3.6742416625
161.9	4.3284027457	3.673994586
162	4.3288791461	3.6737434859
162.1	4.3293563096	3.6734883738
162.2	4.3298334732	3.6732358937
162.3	4.3303106369	3.6729860411
162.4	4.3307878006	3.6727388113
162.5	4.3312657274	3.6724875836
162.6	4.3317444172	3.6722323693
162.7	4.332223107	3.6719797855
162.8	4.332701797	3.6717298275
162.9	4.33318125	3.6714758961
163	4.333660703	3.6712245919
163.1	4.3341409191	3.6709693266
163.2	4.3346211353	3.6707166901
163.3	4.3351013516	3.6704666777
163.4	4.3355823308	3.6702127172
163.5	4.3360633102	3.6699613822
163.6	4.3365450526	3.6697061113
163.7	4.3370267951	3.6694534673
163.8	4.3375085377	3.6692034459
163.9	4.3379910432	3.6689495014
164	4.3384743119	3.668691645
164.1	4.3389575806	3.6684364185
164.2	4.3394408494	3.6681838173
164.3	4.3399248812	3.667927317
164.4	4.3404089132	3.6676734435
164.5	4.3408929452	3.6674221922
164.6	4.3413777402	3.6671670546
164.7	4.3418625354	3.6669145407
164.8	4.3423480936	3.6666581523
164.9	4.3428336518	3.6664043889
165	4.3433199731	3.666146763
165.1	4.3438062945	3.6658917635
165.2	4.344293379	3.6656329133
165.3	4.3447804635	3.6653766909
165.4	4.3452675481	3.6651230916
165.5	4.3457553958	3.6648656543
165.6	4.3462432436	3.6646108415
165.7	4.3467318544	3.6643522024
165.8	4.3472204653	3.6640961892
165.9	4.3477090763	3.6638427974
166	4.3481984503	3.6635855917
166.1	4.3486885874	3.6633245832
166.2	4.3491779616	3.6630726236
166.3	4.3496688618	3.6628104473
166.4	4.3501589992	3.6625573109
166.5	4.3506498996	3.6623003847
166.6	4.3511415631	3.6620396796
166.7	4.3516332267	3.6617816012
166.8	4.3521248904	3.6615261449
166.9	4.3526173171	3.661266922
167	4.3531097439	3.6610103225
167.1	4.3536029337	3.660749968
167.2	4.3540961237	3.6604922382
167.3	4.3545893138	3.6602371287
167.4	4.3550832669	3.6599782763
167.5	4.355577983	3.6597156917
167.6	4.3560726993	3.6594557343
167.7	4.3565674157	3.6591983998
167.8	4.3570628951	3.6589373451
167.9	4.3575583747	3.6586789146
168	4.3580538543	3.6584231037
168.1	4.358550097	3.6581635848
168.2	4.3590471027	3.6579003684
168.3	4.3595441086	3.6576397786
168.4	4.3600411146	3.6573818109
168.5	4.3605388836	3.6571201577
168.6	4.3610366527	3.6568611279
168.7	4.3615351849	3.6565984239
168.8	4.3620337172	3.6563383444
168.9	4.3625322496	3.656080885
169	4.3630315451	3.6558197633
169.1	4.3635316036	3.6555549898
169.2	4.3640308993	3.6552991113
169.3	4.3645317209	3.6550333192
169.4	4.3650317798	3.6547764132
169.5	4.3655333646	3.6545096146
169.6	4.3660341867	3.6542516935
169.7	4.3665357718	3.653990144
169.8	4.3670381199	3.6537249767
169.9	4.3675404682	3.6534624353
170	4.3680428165	3.6532025156
170.1	4.368545928	3.6529389896
170.2	4.3690490395	3.6526780864
170.3	4.3695529142	3.652413588
170.4	4.3700567889	3.6521517134
170.5	4.3705606638	3.6518924583
170.6	4.3710653017	3.6516296196
170.7	4.3715707027	3.6513632076
170.8	4.3720753408	3.6511056107
170.9	4.372581505	3.6508382575
171	4.3730869063	3.6505797108
171.1	4.3735938337	3.6503114283
171.2	4.3740999982	3.6500519436
171.3	4.3746069258	3.6497889085
171.4	4.3751146164	3.6495223332
171.5	4.3756223072	3.6492583828
171.6	4.3761299981	3.6489970531
171.7	4.3766384521	3.6487321946
171.8	4.3771469062	3.6484699578
171.9	4.3776561233	3.6482042029
172	4.3781653406	3.6479410708
172.1	4.3786753209	3.6476744312
172.2	4.3791853014	3.6474104155
172.3	4.379696045	3.647142903
172.4	4.3802067886	3.6468780154
172.5	4.3807175324	3.6466157483
172.6	4.3812290393	3.6463499957
172.7	4.3817405463	3.6460868646
172.8	4.3822528164	3.6458202586
172.9	4.3827650866	3.6455562752
173	4.3832781199	3.6452888274
173.1	4.3837911533	3.6450240031
173.2	4.3843049497	3.644755725
173.3	4.3848187463	3.6444900714
173.4	4.3853325431	3.6442270382
173.5	4.3858471029	3.6439605621
173.6	4.3863616628	3.6436967073
173.7	4.3868769859	3.6434294201
173.8	4.387392309	3.6431647552
173.9	4.3879083952	3.6428966683
174	4.3884244816	3.6426312046
174.1	4.388941331	3.6423623292
174.2	4.3894581806	3.6420960781
174.3	4.3899750303	3.6418324469
174.4	4.390492643	3.641565415
174.5	4.3910110189	3.6412949921
174.6	4.3915293949	3.6410271952
174.7	4.392047771	3.6407620202
174.8	4.3925669102	3.640493465
174.9	4.3930860496	3.6402275325
175	4.3936051891	3.6399642187
175.1	4.3941258546	3.6396915515
175.2	4.3946457573	3.6394274923
175.3	4.395166423	3.6391600738
175.4	4.3956878519	3.6388893058
175.5	4.3962092809	3.6386211632
175.6	4.39673071	3.6383556419
175.7	4.3972529022	3.6380867816
175.8	4.3977750946	3.6378205435
175.9	4.39829805	3.6375509766
176	4.3988210056	3.6372840327
176.1	4.3993447243	3.6370137701
176.2	4.3998684431	3.6367461313
176.3	4.400392162	3.6364811123
176.4	4.400916644	3.6362127851
176.5	4.4014418891	3.6359411592
176.6	4.4019671344	3.6356721588
176.7	4.4024923798	3.6354057799
176.8	4.4030183883	3.6351361127
176.9	4.4035443969	3.6348690677
177	4.4040711686	3.6345987445
177.1	4.4045979404	3.6343310443
177.2	4.4051254754	3.6340600757
177.3	4.4056530105	3.633791731
177.4	4.4061813086	3.6335201278
177.5	4.406709607	3.6332511492
177.6	4.4072379054	3.6329847912
177.7	4.407766967	3.632715185
177.8	4.4082967916	3.63244234
177.9	4.4088266164	3.6321721212
178	4.4093564413	3.6319045245
178.1	4.4098870294	3.6316336991
178.2	4.4104176175	3.6313654967
178.3	4.4109489688	3.6310940754
178.4	4.4114803202	3.6308252777
178.5	4.4120124347	3.6305532709
178.6	4.4125445494	3.6302838885
178.7	4.4130766642	3.6300171264
178.8	4.4136095421	3.6297471653
178.9	4.414143183	3.6294740145
179	4.4146768242	3.6292034894
179.1	4.4152104655	3.6289355862
179.2	4.4157448698	3.6286645032
179.3	4.4162792743	3.6283960427
179.4	4.416814442	3.6281244121
179.5	4.4173503727	3.6278496205
179.6	4.4178855406	3.6275832365
179.7	4.4184214716	3.6273136925
179.8	4.4189581657	3.6270409974
179.9	4.41949486	3.6267709268
180	4.4200323173	3.6264977148
180.1	4.4205697749	3.626227128
180.2	4.4211072325	3.6259591624
180.3	4.4216454533	3.6256880652
180.4	4.4221844371	3.6254138454
180.5	4.4227234211	3.6251422522
180.6	4.4232624053	3.6248732816
180.7	4.4238021526	3.6246011981
180.8	4.4243419	3.6243317379
180.9	4.4248824105	3.6240591742
181	4.4254229212	3.6237892344
181.1	4.425964195	3.6235162005
181.2	4.4265054689	3.6232457912
181.3	4.4270475059	3.6229722971
181.4	4.4275895431	3.622701428
181.5	4.4281315804	3.6224331802
181.6	4.4286743809	3.6221618572
181.7	4.4292179444	3.6218874681
181.8	4.4297615081	3.6216157052
181.9	4.430305072	3.6213465648
182	4.4308493989	3.6210743677
182.1	4.431394489	3.6207991229
182.2	4.4319388162	3.6205321719
182.3	4.4324846695	3.6202565119
182.4	4.433030523	3.6199834799
182.5	4.4335763767	3.619713072
182.6	4.4341222304	3.6194452842
182.7	4.4346696103	3.6191688228
182.8	4.4352162273	3.6189006312
182.9	4.4357636075	3.6186294199
183	4.4363117507	3.6183551979
183.1	4.4368598942	3.6180836016
183.2	4.4374088007	3.6178090035
183.3	4.4379577074	3.6175370317
183.4	4.4385066142	3.6172676822
183.5	4.4390562842	3.6169953404
183.6	4.4396059543	3.6167256214
183.7	4.4401563875	3.6164529189
183.8	4.4407075838	3.6161772417
183.9	4.4412587803	3.6159041924
184	4.4418099769	3.615633767
184.1	4.4423619367	3.615360376
184.2	4.4429138966	3.6150896095
184.3	4.4434666196	3.6148158863
184.4	4.4440193428	3.6145447881
184.5	4.4445720661	3.6142763109
184.6	4.4451263155	3.6139993218
184.7	4.4456798021	3.6137305227
184.8	4.4462340519	3.6134587851
184.9	4.4467890647	3.6131841175
185	4.4473440777	3.6129120762
185.1	4.4478990908	3.6126426574
185.2	4.4484548671	3.6123703176
185.3	4.4490114065	3.6120950654
185.4	4.449567946	3.6118224405
185.5	4.4501244857	3.6115524389
185.6	4.4506817885	3.6112795338
185.7	4.4512390915	3.6110092526
185.8	4.4517971576	3.6107360767
185.9	4.4523552238	3.610465525
186	4.4529140532	3.6101920873
186.1	4.4534728827	3.6099212743
186.2	4.4540324753	3.609647584
186.3	4.4545920681	3.6093765186
186.4	4.455152424	3.6091025847
186.5	4.4557127801	3.6088312761
186.6	4.4562738993	3.6085571076
186.7	4.4568350186	3.6082855648
186.8	4.4573969011	3.6080111706
186.9	4.4579587837	3.6077394026
187	4.4585206665	3.607470257
187.1	4.4590833124	3.6071982687
187.2	4.4596467214	3.606923446
187.3	4.4602101306	3.6066512503
187.4	4.46077354	3.6063816777
187.5	4.4613377125	3.6061092794
187.6	4.4619018851	3.6058395047
187.7	4.4624668208	3.6055669127
187.8	4.4630325197	3.605291512
187.9	4.4635974558	3.6050241678
188	4.4641639179	3.6047485905
188.1	4.4647303802	3.6044756416
188.2	4.4652968427	3.6042053171
188.3	4.4658640683	3.6039322008
188.4	4.4664312941	3.6036617092
188.5	4.4669992829	3.6033884342
188.6	4.467567272	3.6031177843
188.7	4.4681352612	3.6028497557
188.8	4.4687047765	3.6025735598
188.9	4.469273529	3.6023053817
189	4.4698430446	3.6020344371
189.1	4.4704133233	3.6017607339
189.2	4.4709836022	3.6014896568
189.3	4.4715538812	3.6012212018
189.4	4.4721256863	3.6009446284
189.5	4.4726967287	3.6006760497
189.6	4.4732685341	3.6004047293
189.7	4.4738403398	3.6001360315
189.8	4.4744129085	3.5998646002
189.9	4.4749862404	3.5995904434
190	4.4755595724	3.5993189136
190.1	4.4761329046	3.599050007
190.2	4.4767069999	3.5987783832
190.3	4.4772810954	3.5985093828
190.4	4.477855954	3.5982376735
190.5	4.4784315757	3.597963263
190.6	4.4790064346	3.5976968011
190.7	4.4795828196	3.5974223215
190.8	4.4801584419	3.5971557828
190.9	4.4807355901	3.5968812423
191	4.4813119757	3.5966146351
191.1	4.4818898872	3.5963400421
191.2	4.482467036	3.5960733747
191.3	4.4830457109	3.5957987373
191.4	4.483623623	3.5955320179
191.5	4.4842022982	3.59526263
191.6	4.4847817365	3.5949905813
191.7	4.485361175	3.5947211575
191.8	4.4859413766	3.594449081
191.9	4.4865215784	3.5941796296
192	4.4871017803	3.5939127995
192.1	4.4876827454	3.5936433247
192.2	4.4882644736	3.5933712131
192.3	4.4888462019	3.5931017268
192.4	4.4894279305	3.5928348622
192.5	4.4900104221	3.5925653688
192.6	4.4905936769	3.5922932542
192.7	4.4911769318	3.5920237653
192.8	4.4917601869	3.5917568984
192.9	4.4923442051	3.5914874183
193	4.4929289865	3.5912153328
193.1	4.493513768	3.5909458731
193.2	4.4940985497	3.5906790357
193.3	4.4946840944	3.5904096007
193.4	4.4952696394	3.5901427881
193.5	4.4958559475	3.5898733856
193.6	4.4964422558	3.5896066056
193.7	4.4970293271	3.5893372436
193.8	4.4976163987	3.589070504
193.9	4.4982042333	3.5888011902
194	4.4987928311	3.5885293097
194.1	4.4993806661	3.588265241
194.2	4.4999692643	3.5879986058
194.3	4.5005586255	3.5877294117
194.4	4.5011479869	3.5874628404
194.5	4.5017381114	3.5871937178
194.6	4.5023282361	3.5869272179
194.7	4.5029191239	3.5866581745
194.8	4.5035100119	3.5863917539
194.9	4.504101663	3.5861227972
195	4.5046933143	3.5858564635
195.1	4.5052857287	3.5855876013
195.2	4.5058781433	3.585321362
195.3	4.506470558	3.5850577419
195.4	4.5070637359	3.5847916009
195.5	4.5076576769	3.5845229467
195.6	4.508251618	3.5842569154
195.7	4.5088455593	3.5839935033
195.8	4.5094410267	3.5837224642
195.9	4.5100357313	3.5834591693
196	4.510631199	3.5831933761
196.1	4.5112274299	3.582925092
196.2	4.511822898	3.5826645372
196.3	4.5124198921	3.5823963891
196.4	4.5130168864	3.5821308638
196.5	4.5136138808	3.5818679577
196.6	4.5142116384	3.5816025757
196.7	4.5148101591	3.5813347252
196.8	4.51540868	3.5810694974
196.9	4.516007201	3.5808068888
197	4.5166064852	3.5805418191
197.1	4.5172057695	3.5802793684
197.2	4.517805817	3.5800144639
197.3	4.5184058646	3.5797521784
197.4	4.5190066753	3.5794874465
197.5	4.5196082492	3.5792202754
197.6	4.5202090602	3.5789607813
197.7	4.5208113974	3.5786937973
197.8	4.5214137347	3.5784294358
197.9	4.5220160722	3.5781676931
198	4.5226191727	3.5779035257
198.1	4.5232222735	3.5776419771
198.2	4.5238261374	3.5773780111
198.3	4.5244300014	3.5771166638
198.4	4.5250346286	3.5768529062
198.5	4.5256392559	3.5765917672
198.6	4.5262438834	3.5763332431
198.7	4.526850037	3.5760673017
198.8	4.5274554278	3.5758089929
198.9	4.5280615817	3.5755482883
199	4.5286684987	3.5752851949
199.1	4.5292754159	3.5750247198
199.2	4.5298830962	3.5747618631
199.3	4.5304907766	3.5745016244
199.4	4.5310992202	3.5742390113
199.5	4.5317076639	3.5739790161
199.6	4.5323161079	3.5737216352
199.7	4.5329253149	3.5734618868
199.8	4.533535285	3.5731997781
199.9	4.5341452553	3.572940287
200	4.5347559887	3.5726784427
200.1	4.5353667223	3.5724192157
200.2	4.5359774561	3.5721626025
200.3	4.536588953	3.571903643
200.4	4.537201213	3.5716423442
200.5	4.5378134731	3.5713836625
200.6	4.5384257334	3.5711275941
200.7	4.5390387569	3.5708691934
200.8	4.5396525434	3.5706084674
200.9	4.5402663301	3.570350358
201	4.540880117	3.5700948615
201.1	4.541494667	3.5698370466
201.2	4.5421092171	3.5695818445
201.3	4.5427245304	3.5693243308
201.4	4.5433406067	3.5690645125
201.5	4.5439566833	3.5688073101
201.6	4.54457276	3.5685527201
201.7	4.5451895998	3.5682958322
201.8	4.5458064398	3.5680415564
201.9	4.5464240429	3.5677849896
202	4.5470416461	3.5675310347
202.1	4.5476600125	3.5672747955
202.2	4.548278379	3.567021168
202.3	4.5488975086	3.566765263
202.4	4.5495174014	3.5665070876
202.5	4.5501365314	3.5662564051
202.6	4.5507571874	3.5659985772
202.7	4.5513770806	3.5657482349
202.8	4.5519984999	3.5654907608
202.9	4.5526191564	3.5652407651
203	4.553241339	3.5649836514
203.1	4.5538627587	3.5647340088
203.2	4.5544849416	3.5644821156
203.3	4.5551078876	3.5642279787
203.4	4.5557308338	3.5639764517
203.5	4.556354543	3.5637226876
203.6	4.5569782524	3.5634715331
203.7	4.557602725	3.5632181482
203.8	4.5582271977	3.5629673724
203.9	4.5588524334	3.5627143729
204	4.5594776694	3.5624639823
204.1	4.5601029055	3.562216197
204.2	4.5607289047	3.5619661943
204.3	4.5613556671	3.5617139811
204.4	4.5619824295	3.5614643761
204.5	4.5626099551	3.561212567
204.6	4.5632374809	3.5609633658
204.7	4.5638650068	3.5607167688
204.8	4.5644932958	3.5604679742
204.9	4.5651223479	3.5602169886
205	4.5657514002	3.5599686101
205.1	4.5663804526	3.5597228351
205.2	4.5670102681	3.5594748755
205.3	4.5676408468	3.559224738
205.4	4.5682714255	3.5589772067
205.5	4.5689020045	3.5587322781
205.6	4.5695333465	3.5584851779
205.7	4.5701646887	3.5582406799
205.8	4.570796794	3.5579940168
205.9	4.5714296624	3.557745195
206	4.572062531	3.5574989783
206.1	4.5726953997	3.5572553631
206.2	4.5733290315	3.5570095954
206.3	4.5739626635	3.5567664288
206.4	4.5745970586	3.5565211161
206.5	4.5752314538	3.5562784041
206.6	4.5758666121	3.5560335524
206.7	4.5765017706	3.5557913008
206.8	4.5771376921	3.5555469159
206.9	4.5777736139	3.5553051307
207	4.5784102987	3.5550612185
207.1	4.5790469836	3.5548199056
207.2	4.5796844317	3.5545764719
207.3	4.5803218799	3.554335637
207.4	4.5809600912	3.5540926876
207.5	4.5815983027	3.5538523365
207.6	4.5822372772	3.5536098773
207.7	4.5828762519	3.5533700158
207.8	4.5835159897	3.5531280524
207.9	4.5841557277	3.5528886863
208	4.5847954658	3.5526519139
208.1	4.5854367299	3.5524083595
208.2	4.5860772313	3.5521720876
208.3	4.5867184957	3.551933726
208.4	4.5873605232	3.5516932811
208.5	4.5880025509	3.5514554319
208.6	4.5886445787	3.5512201749
208.7	4.5892873696	3.5509828404
208.8	4.5899309236	3.5507434349
208.9	4.5905744778	3.5505066241
209	4.5912180321	3.5502724044
209.1	4.5918623495	3.5500361194
209.2	4.5925074299	3.5497977757
209.3	4.5931525106	3.5495620255
209.4	4.5937975913	3.5493288653
209.5	4.5944434352	3.5490936521
209.6	4.5950892792	3.5488610284
209.7	4.5957358862	3.5486263577
209.8	4.5963824935	3.5483942758
209.9	4.5970298638	3.548160153
210	4.5976772342	3.5479286185
210.1	4.5983253677	3.5476950491
210.2	4.5989742643	3.547459451
210.3	4.5996223982	3.5472310567
210.4	4.600272058	3.5469960233
210.5	4.6009209551	3.5467681866
210.6	4.6015706152	3.5465383265
210.7	4.6022210384	3.5463064495
210.8	4.6028714617	3.5460771584
210.9	4.6035226481	3.5458458562
211	4.6041738347	3.5456171393
211.1	4.6048257843	3.5453864172
211.2	4.6054777341	3.5451582797
211.3	4.606129684	3.5449327233
211.4	4.606782397	3.5447051674
211.5	4.6074358731	3.5444756181
211.6	4.6080893493	3.5442486521
211.7	4.6087428257	3.5440242658
211.8	4.6093970651	3.5437978918
211.9	4.6100520676	3.5435695361
212	4.6107070702	3.5433437624
212.1	4.611362073	3.5431205671
212.2	4.6120178388	3.5428953957
212.3	4.6126736048	3.5426728021
212.4	4.6133301338	3.542448238
212.5	4.613987426	3.5422217098
212.6	4.6146439553	3.5420022995
212.7	4.6153020106	3.5417763895
212.8	4.6159593031	3.5415575904
212.9	4.6166181216	3.5413323037
213	4.6172761774	3.5411141207
213.1	4.6179357591	3.5408894624
213.2	4.618594578	3.5406719005
213.3	4.61925416	3.5404523911
213.4	4.619914505	3.5402309399
213.5	4.6205748502	3.5400120623
213.6	4.6212359585	3.5397912487
213.7	4.6218970669	3.5395730079
213.8	4.6225581754	3.5393573364
213.9	4.6232200469	3.5391397341
214	4.6238826815	3.5389202073
214.1	4.6245453163	3.5387032517
214.2	4.6252079512	3.5384888638
214.3	4.6258713491	3.5382725566
214.4	4.6265355101	3.5380543359
214.5	4.6271989083	3.5378431622
214.6	4.6278638325	3.5376256003
214.7	4.6285287568	3.5374106074
214.8	4.6291936813	3.5371981799
214.9	4.6298593688	3.5369838498
215	4.6305250564	3.5367720843
215.1	4.6311915071	3.5365584218
215.2	4.6318579579	3.536347323
215.3	4.6325244088	3.5361387845
215.4	4.6331916228	3.5359283542
215.5	4.6338595998	3.5357160378
215.6	4.6345275769	3.5355062836
215.7	4.6351963171	3.5352946489
215.8	4.6358650574	3.5350855755
215.9	4.6365337979	3.53487906
216	4.6372033014	3.534670669
216.1	4.6378735679	3.5344604085
216.2	4.6385430716	3.5342571311
216.3	4.6392141013	3.534047563
216.4	4.6398851311	3.5338405537
216.5	4.640556161	3.5336360998
216.6	4.641227954	3.5334297867
216.7	4.6418997471	3.533226028
216.8	4.6425723032	3.5330204156
216.9	4.6432448595	3.5328173568
217	4.6439174159	3.532616848
217.1	4.6445914982	3.5324100953
217.2	4.6452648177	3.5322102899
217.3	4.6459389003	3.5320086412
217.4	4.6466137459	3.5318051549
217.5	4.6472885916	3.5316042194
217.6	4.6479634374	3.5314058313
217.7	4.6486390462	3.5312056105
217.8	4.6493146552	3.5310079361
217.9	4.6499910272	3.5308084357
218	4.6506681622	3.5306071109
218.1	4.6513445344	3.5304126997
218.2	4.6520224326	3.5302121049
218.3	4.6526995679	3.5300184153
218.4	4.6533774663	3.5298229084
218.5	4.6540561277	3.5296255898
218.6	4.6547347893	3.529430814
218.7	4.6554142138	3.5292342318
218.8	4.6560936385	3.5290401914
218.9	4.6567730632	3.5288486893
219	4.657453251	3.5286553856
219.1	4.6581342018	3.5284602859
219.2	4.6588143898	3.5282720563
219.3	4.6594961038	3.5280777027
219.4	4.6601778178	3.5278858879
219.5	4.6608595319	3.5276966085
219.6	4.6615412462	3.527509861
219.7	4.6622244863	3.5273170121
219.8	4.6629069637	3.5271310118
219.9	4.6635902041	3.5269432302
220	4.6642742075	3.5267536727
220.1	4.664958211	3.5265666476
220.2	4.6656422145	3.5263821514
220.3	4.6663269811	3.5261958839
220.4	4.6670125108	3.5260078508
220.5	4.6676972775	3.5258266386
220.6	4.6683835703	3.5256393723
220.7	4.6690691002	3.5254589197
220.8	4.669756156	3.5252724242
220.9	4.670442449	3.5250927353
221	4.671129505	3.5249112899
221.1	4.671817324	3.5247280936
221.2	4.6725051431	3.5245474209
221.3	4.6731929623	3.5243692684
221.4	4.6738815445	3.5241893695
221.5	4.6745708897	3.5240077296
221.6	4.675260235	3.5238286113
221.7	4.6759495804	3.523652011
221.8	4.6766396888	3.5234736743
221.9	4.6773297973	3.5232978545
222	4.6780199058	3.5231245483
222.1	4.6787107774	3.5229495099
222.2	4.6794024119	3.5227727449
222.3	4.6800940466	3.5225984948
222.4	4.6807856813	3.522426756
222.5	4.681478079	3.5222532949
222.6	4.6821704768	3.5220823441
222.7	4.6828636376	3.5219096759
222.8	4.6835567984	3.5217395169
222.9	4.6842507223	3.5215676454
223	4.6849446462	3.5213982818
223.1	4.6856393331	3.5212272108
223.2	4.6863340201	3.5210586465
223.3	4.6870287072	3.5208925856
223.4	4.6877241573	3.5207248214
223.5	4.6884196074	3.5205595594
223.6	4.6891158205	3.520392599
223.7	4.6898120337	3.5202281397
223.8	4.6905090099	3.5200619867
223.9	4.6912059862	3.5198983336
224	4.6919037254	3.5197329916
224.1	4.6926014647	3.5195701484
224.2	4.6932992041	3.5194098004
224.3	4.6939977064	3.5192477678
224.4	4.6946962088	3.5190882293
224.5	4.6953954742	3.5189270109
224.6	4.6960947397	3.5187682853
224.7	4.6967947682	3.5186078846
224.8	4.6974947967	3.5184499756
224.9	4.6981948252	3.5182945547
225	4.6988956167	3.5181374629
225.1	4.6995971713	3.5179787053
225.2	4.7002987258	3.5178224371
225.3	4.7010002805	3.5176686545
225.4	4.7017018351	3.5175173542
225.5	4.7024049157	3.5173602509
225.6	4.7031072334	3.5172097723
225.7	4.7038103141	3.5170576362
225.8	4.7045141577	3.5169038479
225.9	4.7052172385	3.5167566706
226	4.7059218452	3.5166037139
226.1	4.706625689	3.5164573611
226.2	4.7073310587	3.5163052392
226.3	4.7080356655	3.5161597143
226.4	4.7087410352	3.5160125452
226.5	4.709447168	3.5158637371
226.6	4.7101525378	3.5157215123
226.7	4.7108594336	3.5155735417
226.8	4.7115655665	3.5154321473
226.9	4.7122732252	3.5152850175
227	4.7129801211	3.5151444568
227.1	4.7136877799	3.515002265
227.2	4.7143962017	3.5148584473
227.3	4.7151038606	3.5147211852
227.4	4.7158130454	3.5145782107
227.5	4.7165214672	3.5144417847
227.6	4.717231415	3.5142996566
227.7	4.7179405999	3.5141640698
227.8	4.7186505477	3.5140268649
227.9	4.7193604956	3.5138921178
228	4.7200712064	3.5137557571
228.1	4.7207819172	3.5136218528
228.2	4.721493391	3.5134863393
228.3	4.7222048648	3.5133532809
228.4	4.7229171016	3.5132186179
228.5	4.7236293384	3.5130864086
228.6	4.7243415752	3.5129566496
228.7	4.725054575	3.5128252896
228.8	4.7257675747	3.5126963786
228.9	4.7264805745	3.512569913
229	4.7271943373	3.5124418502
229.1	4.727908863	3.5123121954
229.2	4.7286233887	3.5121849867
229.3	4.7293379144	3.5120602208
229.4	4.730053203	3.5119338664
229.5	4.7307684917	3.5118099534
229.6	4.7314837804	3.5116884782
229.7	4.732199832	3.5115654183
229.8	4.7329158836	3.5114447948
229.9	4.7336326981	3.511322591
230	4.7343495127	3.5112028223
230.1	4.7350670902	3.5110814776
230.2	4.7357846677	3.5109625665
230.3	4.7365022452	3.5108460855
230.4	4.7372205857	3.5107280321
230.5	4.7379389261	3.5106124075
230.6	4.7386572665	3.510499208
230.7	4.7393763699	3.5103844398
230.8	4.7400962362	3.5102681079
230.9	4.7408153395	3.5101581865
231	4.7415359688	3.5100427181
231.1	4.742255835	3.5099336532
231.2	4.7429764642	3.5098230274
231.3	4.7436978564	3.5097108457
231.4	4.7444184855	3.5096050538
231.5	4.7451406406	3.5094937371
231.6	4.7458620327	3.5093888031
231.7	4.7465841877	3.5092823161
231.8	4.7473063427	3.50917824
231.9	4.7480292606	3.509072615
232	4.7487521785	3.5089693996
232.1	4.7494758593	3.5088646394
232.2	4.7501995401	3.5087622873
232.3	4.7509232208	3.5086623397
232.4	4.7516476645	3.5085608508
232.5	4.7523721082	3.508461765
232.6	4.7530973148	3.5083611421
232.7	4.7538225213	3.5082629208
232.8	4.7545477278	3.5081670974
232.9	4.7552736972	3.5080697405
233	4.7559996666	3.50797478
233.1	4.756725636	3.5078822125
233.2	4.7574523683	3.5077881148
233.3	4.7581791005	3.5076964085
233.4	4.7589065957	3.5076031761
233.5	4.7596340908	3.5075123337
233.6	4.7603623488	3.5074199693
233.7	4.7610898438	3.507333899
233.8	4.7618188647	3.5072424023
233.9	4.7625471226	3.5071571926
234	4.7632761434	3.5070704634
234.1	4.7640051641	3.5069861141
234.2	4.7647349477	3.5069002495
234.3	4.7654647313	3.5068167631
234.4	4.7661952778	3.5067317655
234.5	4.7669258242	3.5066491446
234.6	4.7676563706	3.5065688969
234.7	4.768386917	3.5064910189
234.8	4.7691182262	3.506411632
234.9	4.7698502983	3.5063307413
235	4.7705816074	3.5062560899
235.1	4.7713144424	3.5061760664
235.2	4.7720465143	3.5061022753
235.3	4.7727793492	3.5060269826
235.4	4.7735121839	3.5059540514
235.5	4.7742457816	3.5058796226
235.6	4.7749793792	3.5058075536
235.7	4.7757129767	3.505737841
235.8	4.7764473371	3.5056666341
235.9	4.7771816974	3.5055977818
236	4.7779160577	3.5055312808
236.1	4.7786511809	3.5054632885
236.2	4.7793863039	3.5053976459
236.3	4.7801221899	3.505330516
236.4	4.7808580758	3.505265734
236.5	4.7815939616	3.5052032966
236.6	4.7823306102	3.5051393749
236.7	4.7830672588	3.5050777962
236.8	4.7838039073	3.5050185567
236.9	4.7845413187	3.5049578362
237	4.78527873	3.5048994533
237.1	4.7860161413	3.5048434046
237.2	4.7867543153	3.504785878
237.3	4.7874924893	3.5047306838
237.4	4.7882314262	3.5046740155
237.5	4.7889696	3.5046234784
237.6	4.7897092996	3.5045676681
237.7	4.7904482362	3.5045179818
237.8	4.7911879357	3.5044668237
237.9	4.791927635	3.5044179877
238	4.7926680972	3.5043676836
238.1	4.7934085594	3.5043197001
238.2	4.7941490214	3.5042740335
238.3	4.7948902462	3.5042269018
238.4	4.795631471	3.5041820855
238.5	4.7963726957	3.5041395808
238.6	4.7971146832	3.5040956141
238.7	4.7978566706	3.5040539575
238.8	4.7985986579	3.5040146074
238.9	4.799341408	3.5039737982
239	4.8000841581	3.5039352938
239.1	4.800827671	3.5038953341
239.2	4.8015704208	3.5038614314
239.3	4.8023139334	3.5038260718
239.4	4.8030582089	3.5037892598
239.5	4.8038024843	3.5037547457
239.6	4.8045467596	3.503722526
239.7	4.8052910347	3.503692597
239.8	4.8060360727	3.5036612177
239.9	4.8067811106	3.5036321276
240	4.8075261483	3.503605323
240.1	4.8082719488	3.503577071
240.2	4.8090177493	3.5035511028
240.3	4.8097643125	3.5035236909
240.4	4.8105108757	3.5034985611
240.5	4.8112574387	3.5034757099
240.6	4.8120040016	3.5034551337
240.7	4.8127513273	3.5034331158
240.8	4.8134986528	3.5034133712
240.9	4.8142459783	3.5033958963
241	4.8149940665	3.5033769826
241.1	4.8157421546	3.5033603368
241.2	4.8164902426	3.5033459556
241.3	4.8172390934	3.5033301382
241.4	4.817987944	3.5033165836
241.5	4.8187367945	3.5033052882
241.6	4.8194864078	3.5032925594
241.7	4.820236021	3.5032820881
241.8	4.820985634	3.5032738706
241.9	4.8217360098	3.5032642227
242	4.8224863855	3.5032568268
242.1	4.823236761	3.5032516795
242.2	4.8239871364	3.5032487773
242.3	4.8247382746	3.5032444463
242.4	4.8254894126	3.5032423587
242.5	4.8262413134	3.503238846
242.6	4.826993214	3.5032375747
242.7	4.8277451145	3.5032385414
242.8	4.8284970149	3.5032417426
242.9	4.829249678	3.5032435204
243	4.8300023409	3.5032475309
243.1	4.8307550037	3.5032537705
243.2	4.8315084293	3.5032585895
243.3	4.8322618547	3.5032656358
243.4	4.83301528	3.5032749058
243.5	4.833768705	3.5032863961
243.6	4.8345228929	3.5032964676
243.7	4.8352770806	3.5033087574
243.8	4.8360312681	3.5033232622
243.9	4.8367862183	3.5033363508
244	4.8375411684	3.5033516524
244.1	4.8382961183	3.5033691636
244.2	4.839051831	3.5033852613
244.3	4.8398075435	3.5034035667
244.4	4.8405632558	3.5034240762
244.5	4.841318968	3.5034467864
244.6	4.8420754429	3.5034680847
244.7	4.8428319176	3.5034915819
244.8	4.8435883921	3.5035172743
244.9	4.8443456294	3.5035415576
245	4.8451028665	3.5035680343
245.1	4.8458601034	3.5035967008
245.2	4.8466173401	3.5036275538
245.3	4.8473753395	3.5036569992
245.4	4.8481333388	3.5036886291
245.5	4.8488913378	3.50372244
245.6	4.8496500996	3.5037548459
245.7	4.8504088612	3.503789431
245.8	4.8511676226	3.5038261917
245.9	4.8519263838	3.5038651245
246	4.8526859078	3.5039026539
246.1	4.8534446685	3.5039459227
246.2	4.854204955	3.5039842199
246.3	4.8549644783	3.5040282493
246.4	4.8557247643	3.5040708771
246.5	4.8564850501	3.5041156661
246.6	4.8572453358	3.5041626129
246.7	4.8580056211	3.5042117139
246.8	4.8587666693	3.5042594147
246.9	4.8595277172	3.504309268
247	4.8602895278	3.5043577245
247.1	4.8610505752	3.5044118744
247.2	4.8618123854	3.5044646257
247.3	4.8625741953	3.5045195205
247.4	4.8633360051	3.5045765552
247.5	4.8640985775	3.5046321938
247.6	4.8648611497	3.5046899704
247.7	4.8656237217	3.5047498815
247.8	4.8663862934	3.5048119235
247.9	4.8671496278	3.504872571
248	4.867912962	3.5049353475
248.1	4.868676296	3.5050002496
248.2	4.8694396297	3.5050672737
248.3	4.8702037262	3.5051329048
248.4	4.8709670594	3.5052041648
248.5	4.8717311554	3.50527403
248.6	4.872496014	3.5053425046
248.7	4.8732601094	3.505416595
248.8	4.8740249676	3.5054892929
248.9	4.8747898255	3.5055640985
249	4.8755546831	3.5056410081
249.1	4.8763203034	3.5057165278
249.2	4.8770859235	3.5057941496
249.3	4.8778515433	3.5058738702
249.4	4.8786171629	3.5059556859
249.5	4.8793827822	3.5060395932
249.6	4.8801491641	3.5061221111
249.7	4.8809155459	3.5062067187
249.8	4.8816819273	3.5062934125
249.9	4.8824483085	3.506382189
250	4.8832154523	3.5064695774
250.1	4.8839825959	3.5065590467
250.2	4.8847497392	3.5066505932
250.3	4.8855168822	3.5067442135
250.4	4.8862847879	3.5068364471
250.5	4.8870519304	3.5069342068
250.6	4.8878198356	3.5070305781
250.7	4.8885877404	3.5071290141
250.8	4.889356408	3.5072260649
250.9	4.8901243123	3.5073286226
251	4.8908929792	3.5074297931
251.1	4.8916616459	3.5075330195
251.2	4.8924303123	3.5076382983
251.3	4.8931997413	3.5077421922
251.4	4.8939684071	3.5078515677
251.5	4.8947378356	3.5079595565
251.6	4.8955072637	3.5080695886
251.7	4.8962774545	3.5081782374
251.8	4.8970468821	3.5082923484
251.9	4.8978170723	3.5084050741
252	4.8985872622	3.5085198343
252.1	4.8993574518	3.5086366255
252.2	4.9001276411	3.508755444
252.3	4.90089783	3.5088762865
252.4	4.9016687817	3.5089957442
252.5	4.902439733	3.5091172239
252.6	4.903210684	3.509240722
252.7	4.9039816346	3.5093662352
252.8	4.9047533479	3.5094903649
252.9	4.905524298	3.5096199001
253	4.9062960107	3.5097480499
253.1	4.907067723	3.5098782058
253.2	4.9078394351	3.5100103642
253.3	4.9086119097	3.5101411396
253.4	4.9093836211	3.5102772952
253.5	4.9101560951	3.5104120658
253.6	4.9109285688	3.5105488301
253.7	4.9117010421	3.5106875845
253.8	4.9124735151	3.5108283256
253.9	4.9132467507	3.5109676831
254	4.914019223	3.5111123895
254.1	4.914792458	3.5112557103
254.2	4.9155656926	3.511401009
254.3	4.9163389268	3.5115482818
254.4	4.9171121608	3.5116975254
254.5	4.9178861573	3.5118453849
254.6	4.9186601534	3.5119952131
254.7	4.9194333863	3.5121503531
254.8	4.9202073818	3.512304106
254.9	4.9209813769	3.5124598173
255	4.9217561346	3.5126141447
255.1	4.922530129	3.5127737648
255.2	4.923304886	3.5129319992
255.3	4.9240796427	3.513092183
255.4	4.9248543989	3.5132543129
255.5	4.9256291549	3.5134183852
255.6	4.9264039104	3.5135843966
255.7	4.9271786656	3.5137523435
255.8	4.9279541834	3.5139189041
255.9	4.9287297008	3.5140873984
256	4.9295044548	3.5142611361
256.1	4.9302799715	3.5144334846
256.2	4.9310562507	3.5146044483
256.3	4.9318317666	3.5147806423
256.4	4.9326072821	3.5149587526
256.5	4.9333835602	3.5151354751
256.6	4.9341598379	3.515314112
256.7	4.9349353523	3.5154979552
256.8	4.9357116293	3.5156804078
256.9	4.9364886687	3.515861474
257	4.9372649449	3.5160477335
257.1	4.9380412207	3.5162358901
257.2	4.938818259	3.5164226574
257.3	4.939594534	3.5166146
257.4	4.9403715715	3.5168051516
257.5	4.9411486087	3.5169975913
257.6	4.9419256454	3.5171919158
257.7	4.9427026817	3.5173881215
257.8	4.9434804806	3.5175829374
257.9	4.9442575162	3.5177828978
258	4.9450353142	3.5179814665
258.1	4.9458123489	3.5181851677
258.2	4.9465901462	3.5183874754
258.3	4.947367943	3.5185916486
258.4	4.9481457395	3.518797684
258.5	4.9489235355	3.519005578
258.6	4.9497013311	3.5192153272
258.7	4.9504798892	3.5194236833
258.8	4.951257684	3.5196371351
258.9	4.9520362412	3.5198491919
259	4.9528140351	3.5200663326
259.1	4.9535925916	3.5202820764
259.2	4.9543711476	3.5204996597
259.3	4.9551497031	3.5207190793
259.4	4.9559282583	3.5209403315
259.5	4.956706813	3.5211634129
259.6	4.9574861302	3.521385098
259.7	4.958264684	3.5216118302
259.8	4.9590432374	3.5218403814
259.9	4.9598225533	3.5220675334
260	4.9606018688	3.5222965025
260.1	4.9613804209	3.522530495
260.2	4.9621597355	3.5227630856
260.3	4.9629390496	3.5229974831
260.4	4.9637183632	3.5232336839
260.5	4.9644976765	3.5234716848
260.6	4.9652769892	3.5237114823
260.7	4.9660570645	3.5239498783
260.8	4.9668363764	3.5241932612
260.9	4.9676156878	3.5244384304
261	4.9683957616	3.5246821955
261.1	4.9691750721	3.5249309297
261.2	4.9699551451	3.5251782579
261.3	4.9707352176	3.5254273638
261.4	4.9715152896	3.5256782441
261.5	4.9722945982	3.5259340697
261.6	4.9730746693	3.5261884859
261.7	4.9738547399	3.5264446661
261.8	4.97463481	3.5267026071
261.9	4.9754156426	3.5269591408
262	4.9761957118	3.5272205954
262.1	4.9769757805	3.5274838005
262.2	4.9777558488	3.5277487528
262.3	4.9785366794	3.5280122943
262.4	4.9793167467	3.5282807332
262.5	4.9800975764	3.5285477595
262.6	4.9808776427	3.5288196714
262.7	4.9816584714	3.529090169
262.8	4.9824385367	3.5293655405
262.9	4.9832193645	3.5296394959
263	4.9840001917	3.5299151763
263.1	4.9847802555	3.530195713
263.2	4.9855610817	3.5304748309
263.3	4.9863419075	3.5307556638
263.4	4.9871227327	3.5310382083
263.5	4.9879035575	3.5313224611
263.6	4.9886843817	3.5316084186
263.7	4.9894652054	3.5318960777
263.8	4.9902460286	3.532185435
263.9	4.9910268513	3.532476487
264	4.9918076735	3.5327692304
264.1	4.9925884952	3.533063662
264.2	4.9933700792	3.533356671
264.3	4.9941508999	3.5336544712
264.4	4.99493172	3.5339539494
264.5	4.9957125396	3.5342551022
264.6	4.9964933586	3.5345579265
264.7	4.9972749401	3.534859324
264.8	4.9980557581	3.5351654834
264.9	4.9988365755	3.5354733043
265	4.9996181554	3.5357796957
265.1	5.0003989718	3.5360908318
265.2	5.0011797877	3.5364036191
265.3	5.0019613659	3.5367149747
265.4	5.0027421807	3.5370310573
265.5	5.0035237579	3.5373457064
265.6	5.0043045716	3.537665071
265.7	5.0050853847	3.5379860704
265.8	5.0058669603	3.5383056337
265.9	5.0066477723	3.5386298952
266	5.0074293468	3.538952719
266.1	5.0082101577	3.5392802293
266.2	5.008991731	3.5396063003
266.3	5.0097725409	3.5399370463
266.4	5.0105533501	3.540269404
266.5	5.0113349218	3.5406003198
266.6	5.0121157299	3.5409358934
266.7	5.0128973005	3.5412700235
266.8	5.0136781075	3.5416087998
266.9	5.014458914	3.5419491713
267	5.0152404828	3.5422880968
267.1	5.0160212881	3.5426316514
267.2	5.0168020928	3.5429767913
267.3	5.0175836599	3.5433204828
267.4	5.0183644635	3.5436687861
267.5	5.0191452665	3.5440186649
267.6	5.0199260689	3.544370116
267.7	5.0207068708	3.5447231363
267.8	5.021488435	3.5450747041
267.9	5.0222692357	3.545430855
268	5.0230500357	3.5457885652
268.1	5.0238308352	3.5461478313
268.2	5.0246116341	3.5465086502
268.3	5.0253924324	3.5468710187
268.4	5.0261732302	3.5472349334
268.5	5.0269540273	3.5476003911
268.6	5.0277348238	3.5479673886
268.7	5.0285156197	3.5483359227
268.8	5.0292956521	3.5487089836
268.9	5.0300764468	3.5490805786
269	5.0308572409	3.5494537005
269.1	5.0316380344	3.549828346
269.2	5.0324180643	3.5502074956
269.3	5.0331988566	3.5505851763
269.4	5.0339788853	3.5509673498
269.5	5.0347596763	3.5513480528
269.6	5.0355397038	3.5517332372
269.7	5.0363197307	3.552119921
269.8	5.0371005198	3.5525051323
269.9	5.0378805455	3.5528948079
270	5.0386605705	3.5532859734
270.1	5.0394405948	3.5536786255
270.2	5.0402206186	3.5540727611
270.3	5.0410006417	3.554468377
270.4	5.0417806641	3.5548654701
270.5	5.042560686	3.555264037
270.6	5.0433399442	3.555667024
270.7	5.0441199648	3.5560685268
270.8	5.0448999847	3.5564714941
270.9	5.0456792411	3.5568788644
271	5.0464592597	3.5572847485
271.1	5.0472385148	3.5576950245
271.2	5.0480177692	3.5581067474
271.3	5.0487970229	3.558519914
271.4	5.049576276	3.5589345211
271.5	5.0503555285	3.5593505657
271.6	5.0511347803	3.5597680445
271.7	5.0519140314	3.5601869545
271.8	5.0526932819	3.5606072924
271.9	5.0534725318	3.5610290552
272	5.054251018	3.5614551546
272.1	5.0550302665	3.5618797553
272.2	5.0558087514	3.5623086815
272.3	5.0565872356	3.5627390151
272.4	5.0573657192	3.5631707532
272.5	5.0581442021	3.5636038924
272.6	5.0589226843	3.5640384298
272.7	5.0597011659	3.5644743622
272.8	5.0604796467	3.5649116865
272.9	5.061257364	3.5653532926
273	5.0620358435	3.565793389
273.1	5.0628135594	3.5662377561
273.2	5.0635920376	3.5666806123
273.3	5.0643697521	3.5671277281
273.4	5.0651474659	3.5675762124
273.5	5.0659251791	3.5680260622
273.6	5.0667021286	3.5684801501
273.7	5.0674798404	3.568932719
273.8	5.0682575515	3.5693866442
273.9	5.0690344989	3.569844791
274	5.0698114456	3.5703042831
274.1	5.0705891546	3.5707622537
274.2	5.0713661	3.5712244295
274.3	5.0721422817	3.5716908002
274.4	5.0729192256	3.5721556427
274.5	5.0736961689	3.5726218151
274.6	5.0744723484	3.573092166
274.7	5.0752492903	3.573560987
274.8	5.0760254684	3.5740339754
274.9	5.0768016459	3.5745082768
275	5.0775778226	3.5749838882
275.1	5.0783539986	3.5754608066
275.2	5.079129411	3.5759418659
275.3	5.0799055856	3.5764213867
275.4	5.0806809965	3.5769050376
275.5	5.0814564067	3.5773899785
275.6	5.0822318162	3.5778762066
275.7	5.0830072249	3.5783637187
275.8	5.0837826329	3.578852512
275.9	5.0845572773	3.5793454032
276	5.0853326838	3.5798367473
276.1	5.0861073267	3.5803321786
276.2	5.0868819688	3.5808288742
276.3	5.0876566102	3.5813268312
276.4	5.088430488	3.5818288543
276.5	5.0892051279	3.5823293228
276.6	5.0899790041	3.5828338467
276.7	5.0907536426	3.5833368148
276.8	5.0915275173	3.5838438275
276.9	5.0923006284	3.5843548746
277	5.0930745016	3.5848643596
277.1	5.0938483741	3.5853750776
277.2	5.0946214829	3.5858898139
277.3	5.095394591	3.5864057724
277.4	5.0961676983	3.5869229503
277.5	5.0969408048	3.5874413445
277.6	5.0977131476	3.5879637309
277.7	5.0984862527	3.5884845469
277.8	5.099258594	3.5890093443
277.9	5.1000309345	3.5895353416
278	5.1008032743	3.590062536
278.1	5.1015748504	3.590593691
278.2	5.1023471886	3.5911232685
278.3	5.1031187631	3.591656796
278.4	5.1038903369	3.5921915042
278.5	5.1046619099	3.5927273902
278.6	5.1054327191	3.5932672055
278.7	5.1062042906	3.5938054361
278.8	5.1069750983	3.5943475855
278.9	5.1077459052	3.5948908965
279	5.1085167113	3.5954353661
279.1	5.1092867537	3.5959837339
279.2	5.1100575583	3.59653051
279.3	5.1108275992	3.5970811737
279.4	5.1115976392	3.59763298
279.5	5.1123669155	3.5981886585
279.6	5.113136954	3.5987427389
279.7	5.1139062287	3.5993006812
279.8	5.1146755026	3.5998597498
279.9	5.1154447758	3.6004199421
280	5.1162132852	3.6009839757
280.1	5.1169825567	3.6015464044
280.2	5.1177510645	3.602112664
280.3	5.1185195714	3.6026800313
280.4	5.1192873147	3.6032512141
280.5	5.12005582	3.6038207859
280.6	5.1208235617	3.6043941629
280.7	5.1215913025	3.6049686317
280.8	5.1223590424	3.6055441893
280.9	5.1231260187	3.6061235319
281	5.1238929941	3.6067039531
281.1	5.1246599687	3.6072854502
281.2	5.1254269425	3.6078680205
281.3	5.1261939154	3.6084516611
281.4	5.1269601246	3.609039056
281.5	5.127726333	3.6096275111
281.6	5.1284917776	3.6102197054
281.7	5.1292579843	3.6108102701
281.8	5.1300234272	3.6114045639
281.9	5.1307888694	3.611999902
282	5.1315543106	3.612596282
282.1	5.1323189882	3.6131963707
282.2	5.1330836648	3.613797491
282.3	5.1338483407	3.6143996402
282.4	5.1346130156	3.6150028156
282.5	5.1353769269	3.6156096746
282.6	5.1361408372	3.6162175496
282.7	5.1369047468	3.616826438
282.8	5.1376686554	3.6174363371
282.9	5.1384318003	3.6180498948
283	5.1391949444	3.618664453
283.1	5.1399580876	3.6192800091
283.2	5.140720467	3.619899204
283.3	5.1414836085	3.6205167459
283.4	5.1422459862	3.6211379162
283.5	5.1430076001	3.6217627052
283.6	5.1437692131	3.6223884694
283.7	5.1445315882	3.623012575
283.8	5.1452924366	3.623642913
283.9	5.1460540471	3.6242715872
284	5.1468148938	3.6249038503
284.1	5.1475757395	3.6255370707
284.2	5.1483358215	3.6261738652
284.3	5.1490966656	3.6268089903
284.4	5.1498567458	3.6274476794
284.5	5.1506160623	3.6280899229
284.6	5.1513761408	3.6287304918
284.7	5.1521354555	3.629374605
284.8	5.1528947693	3.6300196481
284.9	5.1536533193	3.6306682208
285	5.1544118684	3.6313177136
285.1	5.1551704166	3.6319681237
285.2	5.155928964	3.6326194488
285.3	5.1566867475	3.633274279
285.4	5.1574445302	3.6339300143
285.5	5.1582023119	3.6345866521
285.6	5.1589593299	3.6352467756
285.7	5.1597163469	3.6359077918
285.8	5.1604733631	3.6365696984
285.9	5.1612296154	3.637235071
286	5.1619858668	3.6379013242
286.1	5.1627421173	3.6385684555
286.2	5.163497604	3.6392390334
286.3	5.1642530898	3.6399104797
286.4	5.1650085747	3.6405827919
286.5	5.1657632958	3.6412585314
286.6	5.1665180159	3.6419351271
286.7	5.1672727352	3.6426125766
286.8	5.1680274535	3.6432908773
286.9	5.168781408	3.6439725813
287	5.1695345987	3.6446576789
287.1	5.1702885514	3.6453410614
287.2	5.1710417402	3.646027828
287.3	5.1717941652	3.646717969
287.4	5.1725473522	3.64740639
287.5	5.1732997754	3.6480981759
287.6	5.1740514347	3.6487933172
287.7	5.174803856	3.6494867337
287.8	5.1755555134	3.6501834959
287.9	5.176306407	3.6508835945
288	5.1770580627	3.6515819635
288.1	5.1778089544	3.6522836593
288.2	5.1785590823	3.6529886723
288.3	5.1793092093	3.6536944722
288.4	5.1800593353	3.6544010564
288.5	5.1808094604	3.6551084228
288.6	5.1815588217	3.6558190827
288.7	5.182307419	3.6565330268
288.8	5.1830567784	3.6572452274
288.9	5.1838053739	3.6579607027
289	5.1845532055	3.6586794432
289.1	5.1853017992	3.6593964358
289.2	5.1860496289	3.6601166842
289.3	5.1867966948	3.6608401791
289.4	5.1875437597	3.6615644162
289.5	5.1882908237	3.6622893934
289.6	5.1890378868	3.6630151084
289.7	5.1897841859	3.6637440464
289.8	5.1905297212	3.664476198
289.9	5.1912752555	3.6652090711
290	5.1920207889	3.6659426634
290.1	5.1927663214	3.6666769728
290.2	5.1935110899	3.6674144725
290.3	5.1942558575	3.66815268
290.4	5.1949998612	3.6688940639
290.5	5.1957438639	3.6696361464
290.6	5.1964878657	3.6703789253
290.7	5.1972311036	3.6711248621
290.8	5.1979735776	3.6718739475
290.9	5.1987168136	3.6726212543
291	5.1994592856	3.6733717005
291.1	5.2002009938	3.6741252768
291.2	5.200943464	3.6748770705
291.3	5.2016844073	3.6756344345
291.4	5.2024261125	3.6763900116
291.5	5.2031670539	3.6771486959
291.6	5.2039072314	3.6779104782
291.7	5.2046474079	3.6786729093
291.8	5.2053875834	3.6794359871
291.9	5.206126995	3.6802021446
292	5.2068664056	3.6809689399
292.1	5.2076058153	3.6817363708
292.2	5.208344461	3.6825068631
292.3	5.2090831058	3.6832779822
292.4	5.2098209866	3.6840521491
292.5	5.2105588665	3.6848269338
292.6	5.2112959825	3.6856047527
292.7	5.2120330974	3.6863831804
292.8	5.2127702114	3.6871622151
292.9	5.2135065615	3.6879442658
293	5.2142429106	3.6887269145
293.1	5.2149784957	3.6895125658
293.2	5.2157140799	3.6902988063
293.3	5.2164489001	3.6910880358
293.4	5.2171837194	3.6918778457
293.5	5.2179185376	3.692668234
293.6	5.218652592	3.6934615934
293.7	5.2193866453	3.6942555225
293.8	5.2201199347	3.6950524092
293.9	5.2208532231	3.6958498569
294	5.2215857476	3.6966502487
294.1	5.2223182711	3.6974511928
294.2	5.2230507935	3.6982526873
294.3	5.2237825521	3.6990571082
294.4	5.2245135467	3.6998644464
294.5	5.2252445403	3.7006723197
294.6	5.2259755329	3.701480726
294.7	5.2267057615	3.7022920321
294.8	5.2274359892	3.7031038627
294.9	5.2281662158	3.7039162158
295	5.2288956785	3.7047314511
295.1	5.2296243772	3.7055495595
295.2	5.230353075	3.7063681754
295.3	5.2310817717	3.7071872968
295.4	5.2318097045	3.7080092738
295.5	5.2325368733	3.7088340975
295.6	5.2332640411	3.7096594117
295.7	5.2339912079	3.7104852145
295.8	5.2347176108	3.7113138466
295.9	5.2354440126	3.7121429588
296	5.2361704134	3.7129725494
296.1	5.2368952873	3.7138072874
296.2	5.2376209231	3.7146401576
296.3	5.238345795	3.7154758266
296.4	5.2390699029	3.7163142856
296.5	5.2397940098	3.7171531997
296.6	5.2405181157	3.7179925671
296.7	5.2412414576	3.7188347073
296.8	5.2419640355	3.7196796114
296.9	5.2426866124	3.720524954
297	5.2434091883	3.7213707333
297.1	5.2441310003	3.7222192595
297.2	5.2448520482	3.7230705237
297.3	5.2455738581	3.7239199028
297.4	5.246294141	3.7247743165
297.5	5.2470144229	3.7256291441
297.6	5.2477347038	3.7264843838
297.7	5.2484542207	3.7273423316
297.8	5.2491737366	3.7282006835
297.9	5.2498924885	3.7290617305
298	5.2506112394	3.7299231736
298.1	5.2513292263	3.7307872992
298.2	5.2520472122	3.7316518125
298.3	5.252764434	3.7325189956
298.4	5.2534816549	3.7333865584
298.5	5.2541981117	3.7342567782
298.6	5.2549145676	3.7351273698
298.7	5.2556302594	3.7360006056
298.8	5.2563459502	3.7368742052
298.9	5.257060877	3.7377504364
299	5.2577758028	3.7386270235
299.1	5.2584899645	3.7395062294
299.2	5.2592041253	3.7403857833
299.3	5.259917522	3.7412679435
299.4	5.2606309177	3.7421504437
299.5	5.2613435494	3.7430355376
299.6	5.2620554172	3.7439232166
299.7	5.2627680468	3.744808971
299.8	5.2634791494	3.7456995508
299.9	5.2641902511	3.7465904488
300	5.2649013516	3.7474816632
